0.237722
0.061629
0.215354
0.138851
0.526660
0.406892
0.383337
0.182139
0.624568
0.822685
0.644068
0.120621
0.399964
0.226892
0.543343
0.159194
0.183301
0.120748
0.365035
0.753498
0.958905
0.502440
0.866823
0.902538
0.809334
0.252390
0.505016
0.594249
0.939247
0.253275
0.405602
0.614883
0.712138
0.476530
0.843517
0.712162
0.374125
0.948127
0.064073
0.392442
0.784133
0.499124
0.227261
0.609405
0.145431
0.387404
0.323699
0.038917
0.954565
0.147054
0.755788
0.479956
0.975994
0.412394
0.141779
0.755267
0.514658
0.665874
0.482915
0.812144
0.135308
0.117687
0.015323
0.003454
0.995087
0.490284
0.763616
0.185573
0.449483
0.955063
0.073675
0.774635
0.238449
0.531906
0.641673
0.973497
0.931225
0.967787
0.605603
0.875111
0.135880
0.809578
0.532825
0.662808
0.855894
0.773664
0.770408
0.184826
0.319502
0.690801
0.530022
0.893668
0.134116
0.611086
0.741736
0.924344
0.029380
0.062019
0.035949
0.604256
0.286848
0.982389
0.478285
0.132402
0.338099
0.422805
0.166036
0.604671
0.576688
0.767623
0.036563
0.439253
0.194552
0.691374
0.278506
0.560908
0.709439
0.974573
0.426347
0.062944
0.699188
0.739711
0.441567
0.301796
0.669296
0.373727
0.088806
0.839913
0.289793
0.037036
0.878585
0.525632
0.900989
0.174530
0.687238
0.911227
0.564857
0.090386
0.956779
0.600891
0.292667
0.000603
0.528104
0.665574
0.621529
0.773384
0.733003
0.178686
0.221528
0.235652
0.418562
0.317795
0.858603
0.800611
0.546527
0.234475
0.420354
0.383872
0.821333
0.636845
0.407349
0.206492
0.485888
0.794850
0.992992
0.830824
0.744438
0.079044
0.511169
0.302634
0.881896
0.079252
0.545285
0.429751
0.490803
0.359828
0.319039
0.743232
0.714588
0.092438
0.277227
0.738231
0.389478
0.637843
0.557704
0.318012
0.180600
0.365215
0.100237
0.532205
0.736303
0.986443
0.050702
0.204140
0.137805
0.819225
0.896852
0.601361
0.471030
0.434974
0.484297
0.221374
0.105317
0.056754
0.991843
0.976197
0.760587
0.949635
0.840013
0.507284
0.551940
0.483602
0.280893
0.823340
0.213725
0.437507
0.372534
0.513502
0.206296
0.385770
0.551612
0.714107
0.181129
0.832284
0.819137
0.986708
0.544691
0.627752
0.242734
0.648565
0.128417
0.388794
0.587807
0.824594
0.460495
0.844583
0.968433
0.556383
0.062711
0.957528
0.411057
0.589991
0.410251
0.533092
0.179853
0.366707
0.364329
0.492639
0.704871
0.362766
0.748135
0.170205
0.643154
0.685022
0.491188
0.955107
0.200026
0.635118
0.921486
0.010624
0.050422
0.903113
0.238835
0.910265
0.158015
0.342719
0.888216
0.176355
0.960511
0.986242
0.004283
0.626356
0.345221
0.777845
0.113027
0.703320
0.779580
0.623840
0.620306
0.520107
0.063272
0.131367
0.087370
0.278894
0.036564
0.291832
0.905404
0.880820
0.641527
0.782262
0.955453
0.402666
0.929271
0.314869
0.423010
0.690594
0.022507
0.432568
0.670106
0.835387
0.137794
0.917329
0.005880
0.070962
0.271767
0.701893
0.462880
0.478696
0.556254
0.534340
0.921011
0.645705
0.948377
0.484996
0.075708
0.464606
0.437691
0.726231
0.901987
0.159284
0.054127
0.036938
0.916988
0.701487
0.123478
0.105075
0.062958
0.550372
0.355261
0.348606
0.972655
0.124072
0.553767
0.904378
0.239100
0.831046
0.793794
0.793892
0.939877
0.496487
0.759193
0.570411
0.685597
0.254969
0.765309
0.693745
0.647726
0.977215
0.772442
0.898967
0.214024
0.116295
0.780319
0.636019
0.537414
0.077715
0.011052
0.183863
0.952359
0.172773
0.893984
0.631255
0.836018
0.835838
0.892136
0.210688
0.333035
0.332881
0.894193
0.181844
0.385051
0.074780
0.080263
0.357304
0.151191
0.740757
0.247867
0.533184
0.494986
0.097419
0.532295
0.344281
0.645777
0.489259
0.349327
0.956574
0.700890
0.268058
0.452716
0.895735
0.820699
0.726506
0.702510
0.403263
0.471159
0.120169
0.999812
0.919753
0.387126
0.478508
0.976489
0.825514
0.022573
0.924136
0.675962
0.770971
0.314241
0.150702
0.653373
0.040297
0.085797
0.909852
0.902922
0.462564
0.961859
0.868257
0.224411
0.313156
0.060155
0.546218
0.571617
0.455721
0.110206
0.559105
0.843816
0.272894
0.295274
0.441300
0.624809
0.541388
0.651538
0.849829
0.118940
0.910656
0.587538
0.813020
0.756223
0.003538
0.195392
0.881026
0.120430
0.989577
0.691540
0.299524
0.352251
0.642839
0.746964
0.041791
0.281030
0.202726
0.340107
0.763375
0.563158
0.726707
0.534512
0.806112
0.785697
0.385579
0.634088
0.763649
0.551119
0.380344
0.405780
0.109071
0.171996
0.532353
0.802255
0.009130
0.907521
0.374817
0.506440
0.036774
0.937924
0.276259
0.929417
0.200580
0.553912
0.336964
0.999178
0.844074
0.269895
0.294457
0.383418
0.975298
0.732265
0.847740
0.973967
0.826500
0.311123
0.921834
0.637200
0.926579
0.203126
0.415990
0.028079
0.377765
0.849721
0.562127
0.952661
0.735872
0.752659
0.643145
0.444703
0.912107
0.999630
0.932970
0.843222
0.524422
0.623593
0.322670
0.205765
0.618028
0.808979
0.539262
0.917812
0.235798
0.980485
0.982376
0.602384
0.110468
0.329050
0.596123
0.759551
0.849752
0.330558
0.658901
0.804237
0.804287
0.612274
0.097107
0.236800
0.466299
0.445976
0.779187
0.168780
0.463078
0.273074
0.491156
0.475820
0.410506
0.653269
0.846800
0.255244
0.822006
0.138442
0.051948
0.805736
0.879685
0.387259
0.635178
0.652592
0.027751
0.145050
0.088618
0.895863
0.429352
0.446629
0.873967
0.244540
0.079682
0.623250
0.590378
0.650790
0.425782
0.226398
0.308153
0.013023
0.022743
0.507141
0.561496
0.237077
0.301941
0.300004
0.151452
0.580784
0.556986
0.495437
0.718014
0.959568
0.151158
0.247149
0.369288
0.311595
0.062953
0.396606
0.864634
0.944342
0.770496
0.368298
0.210525
0.814556
0.877532
0.016197
0.290975
0.971702
0.914790
0.284363
0.166508
0.854204
0.515936
0.291160
0.415283
0.669494
0.634935
0.784343
0.427325
0.453316
0.151095
0.476562
0.048613
0.718930
0.157197
0.192339
0.294869
0.770333
0.139731
0.877472
0.723269
0.707984
0.637130
0.863162
0.254498
0.546255
0.547417
0.597501
0.384392
0.456877
0.340479
0.853034
0.794258
0.920943
0.003146
0.601104
0.362688
0.726687
0.075948
0.259600
0.634167
0.803329
0.091311
0.070897
0.579666
0.177009
0.736250
0.162717
0.129721
0.024660
0.715852
0.413835
0.788824
0.118563
0.815376
0.989233
0.867446
0.767885
0.968575
0.170743
0.802429
0.889745
0.979952
0.956481
0.442609
0.919046
0.323686
0.178298
0.694810
0.280864
0.427497
0.578157
0.434466
0.476747
0.747838
0.996611
0.228519
0.646566
0.518573
0.044333
0.142757
0.691738
0.506316
0.654443
0.590823
0.901110
0.877520
0.318699
0.811643
0.481013
0.483064
0.714284
0.426286
0.742317
0.426645
0.969749
0.766020
0.794729
0.733712
0.610139
0.643477
0.241711
0.648259
0.201488
0.149117
0.481488
0.545934
0.060069
0.144136
0.730748
0.087334
0.219764
0.628340
0.688421
0.477091
0.738619
0.312250
0.229123
0.410417
0.112741
0.201597
0.298539
0.925079
0.539161
0.342941
0.887420
0.281150
0.405626
0.702362
0.208904
0.699442
0.333965
0.689854
0.544419
0.777445
0.227493
0.223446
0.882097
0.065440
0.166291
0.369318
0.739418
0.547664
0.358027
0.373815
0.023540
0.495336
0.725163
0.992538
0.069302
0.648507
0.942735
0.525506
0.099115
0.220271
0.281044
0.521912
0.439715
0.263258
0.249165
0.011235
0.428194
0.142740
0.585422
0.926971
0.331660
0.992417
0.018879
0.905930
0.528364
0.593042
0.973938
0.183937
0.501170
0.125567
0.327818
0.092537
0.510338
0.571683
0.869106
0.327503
0.156768
0.342130
0.342404
0.029941
0.415482
0.298306
0.705235
0.865411
0.760844
0.335890
0.485435
0.738071
0.221768
0.092345
0.988770
0.212172
0.493264
0.338545
0.265637
0.423136
0.131271
0.527030
0.580514
0.466534
0.496695
0.839048
0.643266
0.902082
0.543792
0.698727
0.156458
0.146090
0.492723
0.383690
0.722868
0.207263
0.837092
0.875539
0.275181
0.815942
0.685285
0.744260
0.706903
0.923434
0.230149
0.727011
0.341806
0.140650
0.043348
0.599035
0.064972
0.293007
0.985106
0.793982
0.272952
0.756650
0.551629
0.345858
0.579316
0.997846
0.459812
0.501960
0.737645
0.347505
0.871598
0.229747
0.026222
0.791855
0.801416
0.753474
0.284186
0.334132
0.279301
0.729551
0.117602
0.328986
0.528226
0.039789
0.024976
0.176634
0.749237
0.166697
0.503078
0.792179
0.078074
0.447262
0.121696
0.376631
0.031074
0.418515
0.348709
0.337962
0.941383
0.960268
0.266087
0.774833
0.405690
0.231489
0.168589
0.729317
0.921674
0.330618
0.951319
0.940389
0.190429
0.965499
0.665826
0.677946
0.254750
0.805656
0.823305
0.768508
0.006325
0.532191
0.440279
0.143246
0.093737
0.682191
0.943469
0.258623
0.447136
0.666751
0.125138
0.925922
0.677325
0.019661
0.225958
0.346682
0.881455
0.359085
0.561525
0.188855
0.812034
0.283703
0.887543
0.051976
0.311110
0.487716
0.271016
0.201593
0.769295
0.685243
0.969834
0.302706
0.572224
0.091998
0.081987
0.578772
0.775602
0.360123
0.446065
0.564649
0.265665
0.347789
0.003372
0.597698
0.958214
0.675422
0.948412
0.313028
0.510829
0.310395
0.725434
0.664630
0.693892
0.572784
0.012241
0.371925
0.319226
0.313797
0.546328
0.938460
0.954445
0.689399
0.959575
0.704949
0.548739
0.489139
0.089509
0.534776
0.391325
0.827546
0.998401
0.431573
0.968100
0.377937
0.724009
0.360263
0.087324
0.309108
0.858817
0.438518
0.188674
0.926861
0.517450
0.861245
0.134694
0.540024
0.402540
0.671753
0.987739
0.813051
0.938461
0.767772
0.386874
0.883877
0.903742
0.576778
0.298197
0.523519
0.150665
0.116143
0.158883
0.618641
0.832827
0.011516
0.424659
0.715759
0.731520
0.315336
0.572952
0.673322
0.045769
0.102557
0.916574
0.752955
0.078406
0.200043
0.789584
0.789486
0.898804
0.054460
0.045594
0.801084
0.308356
0.629997
0.347661
0.520907
0.210047
0.435728
0.108799
0.917499
0.147050
0.886587
0.450151
0.636560
0.755058
0.709150
0.991431
0.643708
0.449209
0.475162
0.506627
0.595340
0.424015
0.083107
0.508875
0.762159
0.157195
0.638038
0.047965
0.379406
0.575606
0.908377
0.818131
0.298739
0.654871
0.402918
0.314803
0.048684
0.795515
0.953694
0.171121
0.331958
0.129277
0.360190
0.560955
0.398746
0.605482
0.317893
0.854453
0.301675
0.411010
0.576420
0.630499
0.536616
0.112542
0.434011
0.237267
0.050042
0.576390
0.494574
0.375647
0.964384
0.368822
0.681676
0.246933
0.178433
0.938525
0.932942
0.944418
0.869367
0.075347
0.198455
0.049896
0.367039
0.069260
0.556597
0.588245
0.576346
0.131771
0.574417
0.063841
0.623429
0.806646
0.435928
0.522129
0.449658
0.824670
0.910956
0.551385
0.002433
0.901820
0.974497
0.384160
0.079979
0.114237
0.818472
0.559949
0.880359
0.895695
0.239983
0.825141
0.632397
0.649255
0.356606
0.616752
0.297458
0.165052
0.411256
0.702683
0.359450
0.172640
0.300185
0.511005
0.661308
0.971536
0.619173
0.759043
0.435187
0.172438
0.677492
0.818807
0.151607
0.732773
0.504222
0.489415
0.897651
0.198807
0.227137
0.669367
0.642695
0.652695
0.881080
0.906159
0.858882
0.723647
0.399138
0.476529
0.651083
0.743272
0.796894
0.568273
0.683752
0.316513
0.420260
0.786645
0.397151
0.974007
0.197645
0.589319
0.724720
0.887252
0.495629
0.562534
0.523976
0.037889
0.415681
0.903467
0.281144
0.096021
0.327993
0.691925
0.886978
0.741063
0.087125
0.242959
0.091440
0.346308
0.375970
0.054279
0.551652
0.147960
0.664146
0.362689
0.052951
0.231945
0.908183
0.866722
0.816432
0.972387
0.776064
0.582508
0.022075
0.984108
0.275731
0.809848
0.556318
0.486993
0.022315
0.418237
0.965637
0.494595
0.250905
0.189507
0.952750
0.744197
0.074075
0.027748
0.203611
0.199953
0.047281
0.300509
0.885208
0.786895
0.950229
0.041563
0.127242
0.476867
0.335224
0.365908
0.841852
0.806372
0.446770
0.559231
0.961134
0.453064
0.975561
0.064452
0.116437
0.757328
0.746394
0.773337
0.409972
0.084455
0.712565
0.050525
0.311066
0.097449
0.287785
0.823408
0.713216
0.717722
0.190035
0.649322
0.229747
0.005006
0.621806
0.228823
0.565210
0.195455
0.510564
0.151075
0.135810
0.674409
0.614581
0.077854
0.474271
0.367221
0.908149
0.007737
0.426859
0.206837
0.997540
0.569343
0.740967
0.130838
0.893140
0.382106
0.913457
0.433204
0.363037
0.198387
0.492253
0.805506
0.377356
0.882381
0.301867
0.535797
0.603982
0.512831
0.696112
0.229798
0.650958
0.911206
0.823589
0.255433
0.022037
0.864338
0.673671
0.211944
0.380017
0.342635
0.284599
0.929032
0.374884
0.659899
0.377136
0.395936
0.460150
0.109335
0.030900
0.424586
0.088981
0.433218
0.189308
0.091227
0.429710
0.795941
0.689417
0.788677
0.363376
0.617008
0.005498
0.996448
0.097079
0.894296
0.246517
0.040802
0.817666
0.919716
0.079072
0.753587
0.090298
0.168996
0.406705
0.222821
0.548543
0.805035
0.583525
0.488275
0.462368
0.386203
0.140887
0.329125
0.122699
0.365236
0.388334
0.271743
0.964410
0.578424
0.379804
0.704123
0.918379
0.391784
0.841601
0.938772
0.382336
0.977851
0.196197
0.740743
0.445598
0.816277
0.971997
0.431839
0.398473
0.262050
0.759070
0.154556
0.070666
0.740321
0.836321
0.929564
0.164998
0.834483
0.002922
0.225240
0.685241
0.195671
0.890099
0.940438
0.045098
0.831294
0.148357
0.677258
0.839817
0.158693
0.933368
0.249690
0.017128
0.422580
0.085114
0.951565
0.373603
0.257064
0.269904
0.004888
0.215292
0.477468
0.073847
0.282444
0.218478
0.351236
0.653569
0.486300
0.465018
0.644522
0.868955
0.689369
0.030972
0.000346
0.438550
0.209874
0.410233
0.024338
0.198850
0.309369
0.952962
0.646720
0.315909
0.840906
0.506221
0.231150
0.288712
0.078648
0.834966
0.453424
0.325641
0.567364
0.677724
0.160950
0.356066
0.514630
0.679318
0.566375
0.649335
0.100814
0.045733
0.989871
0.677342
0.593600
0.849913
0.821912
0.201711
0.743946
0.640463
0.094466
0.702662
0.609269
0.591414
0.243223
0.430026
0.883234
0.377677
0.232682
0.059981
0.247885
0.003364
0.709106
0.295267
0.030090
0.920063
0.569670
0.446539
0.777514
0.735193
0.074654
0.766214
0.447651
0.246255
0.623825
0.475377
0.649534
0.512464
0.531894
0.905167
0.160908
0.568484
0.791133
0.351094
0.169774
0.637925
0.490137
0.370056
0.866877
0.995257
0.554445
0.331687
0.908028
0.581823
0.516302
0.539424
0.559516
0.919831
0.920700
0.535725
0.060889
0.531523
0.630526
0.639082
0.813922
0.007416
0.695153
0.068949
0.419359
0.187381
0.328701
0.667159
0.495730
0.218172
0.203493
0.645677
0.168011
0.083653
0.123715
0.056194
0.829250
0.277321
0.702925
0.839024
0.596817
0.689862
0.658720
0.840271
0.141540
0.227909
0.924903
0.150246
0.714898
0.659695
0.869690
0.441614
0.799848
0.781182
0.763163
0.147620
0.835814
0.473668
0.290796
0.945615
0.099673
0.221192
0.073666
0.055113
0.214470
0.342321
0.013842
0.036536
0.205255
0.601496
0.194267
0.858947
0.780804
0.361341
0.409148
0.671649
0.280703
0.203794
0.621228
0.290730
0.573668
0.061994
0.704325
0.276361
0.706076
0.617876
0.638214
0.426504
0.565082
0.750782
0.575990
0.150131
0.602515
0.398012
0.106102
0.348278
0.367807
0.660365
0.287194
0.851819
0.113706
0.128433
0.487175
0.184008
0.612602
0.308830
0.255170
0.495682
0.558552
0.883633
0.644383
0.910316
0.474578
0.735180
0.707784
0.733012
0.545859
0.387964
0.752298
0.659004
0.695227
0.983807
0.417184
0.869744
0.818012
0.232653
0.892446
0.006492
0.096998
0.944881
0.138694
0.353442
0.328119
0.928504
0.493140
0.765521
0.268656
0.135387
0.003260
0.871502
0.952672
0.654158
0.393469
0.941245
0.786154
0.705610
0.810431
0.755838
0.600370
0.986204
0.615276
0.081586
0.997197
0.033410
0.936999
0.058077
0.345298
0.792067
0.497440
0.288106
0.329162
0.983303
0.867836
0.643271
0.751300
0.117890
0.332974
0.260013
0.055526
0.102975
0.893543
0.177788
0.170500
0.689883
0.364469
0.623438
0.408057
0.406737
0.792632
0.088134
0.944915
0.380695
0.667052
0.438234
0.655648
0.260012
0.138330
0.278477
0.606206
0.927746
0.484974
0.069843
0.530101
0.451979
0.542446
0.871992
0.765069
0.497261
0.959306
0.934241
0.200952
0.421007
0.713582
0.264739
0.501924
0.006058
0.516088
0.100658
0.203200
0.854247
0.593762
0.613477
0.554483
0.193124
0.955603
0.638668
0.117770
0.513356
0.103509
0.015133
0.294646
0.138714
0.842405
0.923361
0.334887
0.826989
0.413579
0.191548
0.232151
0.315508
0.793245
0.706100
0.717991
0.322340
0.418543
0.005131
0.553446
0.778588
0.523037
0.742540
0.705787
0.207095
0.350297
0.254776
0.560596
0.653791
0.160552
0.366755
0.323121
0.912335
0.473555
0.117669
0.407034
0.218191
0.317010
0.885499
0.089494
0.703505
0.828349
0.174392
0.479837
0.281592
0.289561
0.772252
0.299024
0.056650
0.513480
0.533183
0.495105
0.252549
0.404776
0.448741
0.552294
0.710344
0.826499
0.936438
0.572367
0.745085
0.693953
0.770734
0.629422
0.678913
0.591789
0.802145
0.068642
0.930975
0.235642
0.115820
0.316746
0.360539
0.833225
0.003261
0.351424
0.594239
0.438730
0.330491
0.184800
0.668191
0.475464
0.292914
0.098389
0.045028
0.390699
0.962194
0.006489
0.632018
0.908509
0.630986
0.342910
0.253544
0.041825
0.904243
0.241713
0.051669
0.733217
0.756119
0.273261
0.810514
0.820422
0.992961
0.153076
0.808000
0.904838
0.042689
0.822833
0.018683
0.713287
0.972468
0.897548
0.552684
0.650614
0.659509
0.923757
0.017024
0.166025
0.927417
0.452908
0.136340
0.476990
0.078942
0.604738
0.429456
0.195036
0.553156
0.585543
0.414726
0.013491
0.427324
0.818555
0.909524
0.904598
0.147193
0.943568
0.838658
0.667621
0.192741
0.401088
0.647106
0.493293
0.727726
0.278085
0.300700
0.240885
0.663894
0.043583
0.288797
0.325808
0.399590
0.327956
0.549378
0.239661
0.133836
0.509467
0.553985
0.547834
0.036891
0.342169
0.324811
0.813091
0.890073
0.219123
0.721523
0.243550
0.852383
0.858270
0.021571
0.616908
0.290088
0.836310
0.766886
0.419319
0.279589
0.123009
0.092473
0.455087
0.881962
0.395042
0.789987
0.175907
0.785384
0.376630
0.780871
0.641528
0.240210
0.462411
0.172625
0.585512
0.067000
0.599199
0.353868
0.298943
0.803258
0.978621
0.327707
0.738632
0.175426
0.660253
0.402931
0.555569
0.522524
0.148597
0.925756
0.011613
0.211383
0.731155
0.186908
0.676850
0.315009
0.684885
0.022678
0.485004
0.669829
0.571356
0.432233
0.837205
0.587148
0.126977
0.715780
0.979008
0.410734
0.742140
0.867472
0.812543
0.421701
0.704261
0.280478
0.635270
0.474155
0.401812
0.040766
0.382563
0.422750
0.840756
0.123550
0.672803
0.941668
0.737774
0.562048
0.866405
0.142705
0.461677
0.644715
0.169876
0.181997
0.422592
0.294233
0.172537
0.122945
0.077198
0.060606
0.192576
0.102677
0.315363
0.601644
0.617051
0.649178
0.766666
0.683234
0.004327
0.686376
0.177294
0.769409
0.509401
0.609113
0.165940
0.390115
0.963756
0.863043
0.651787
0.335447
0.765452
0.321441
0.452254
0.210762
0.014134
0.724676
0.413945
0.473174
0.601272
0.125816
0.335890
0.104011
0.576290
0.472239
0.538404
0.486543
0.260500
0.712717
0.449857
0.687568
0.642901
0.652192
0.795523
0.710082
0.372556
0.916053
0.092038
0.665759
0.988159
0.863915
0.072148
0.778075
0.074015
0.669655
0.532198
0.612022
0.203255
0.878448
0.657101
0.516587
0.047907
0.022925
0.013766
0.293538
0.906655
0.480773
0.382545
0.902571
0.960044
0.021563
0.103136
0.921718
0.274046
0.633528
0.324736
0.267598
0.694564
0.854187
0.925138
0.921508
0.850456
0.037993
0.170872
0.926679
0.462585
0.334161
0.927686
0.037477
0.297440
0.137856
0.991102
0.066074
0.837397
0.037875
0.816948
0.941576
0.710235
0.584628
0.683488
0.684885
0.265400
0.205492
0.098727
0.961422
0.420704
0.138978
0.439045
0.038239
0.164555
0.322256
0.841570
0.079656
0.870976
0.815172
0.048295
0.183986
0.224440
0.943504
0.590495
0.971020
0.580893
0.753533
0.033000
0.697742
0.891190
0.838954
0.350089
0.039499
0.725219
0.642864
0.286289
0.879437
0.928905
0.803917
0.360062
0.794916
0.751443
0.403859
0.507724
0.872566
0.867427
0.250306
0.204579
0.238118
0.199266
0.697266
0.833823
0.998132
0.745220
0.056723
0.154766
0.244269
0.616881
0.023291
0.727045
0.011025
0.562899
0.579323
0.004746
0.222746
0.119670
0.930177
0.575142
0.930005
0.563566
0.262473
0.503092
0.081967
0.514530
0.752750
0.400908
0.289404
0.846874
0.586640
0.454009
0.223812
0.882258
0.681039
0.603030
0.095022
0.355182
0.289075
0.183307
0.106124
0.600708
0.103725
0.531562
0.181823
0.390224
0.669492
0.838028
0.471598
0.866602
0.088340
0.491372
0.721134
0.903963
0.591309
0.209084
0.496033
0.961602
0.820871
0.748884
0.510501
0.106534
0.665862
0.247904
0.110956
0.215191
0.404217
0.115265
0.626724
0.794582
0.540320
0.793993
0.472031
0.484828
0.463168
0.510278
0.242227
0.401953
0.689483
0.753937
0.989505
0.598174
0.992853
0.709899
0.662318
0.766362
0.297424
0.525613
0.206714
0.797095
0.657536
0.806594
0.061546
0.058357
0.136428
0.902944
0.560689
0.680368
0.094825
0.413568
0.954137
0.461142
0.931668
0.281969
0.881407
0.403976
0.631804
0.340951
0.370652
0.691315
0.101695
0.673240
0.441538
0.448068
0.394293
0.073509
0.655020
0.047708
0.824084
0.155775
0.003679
0.887926
0.901378
0.604632
0.193290
0.108052
0.025040
0.210555
0.634315
0.628728
0.071562
0.049881
0.319618
0.693241
0.449782
0.334798
0.373438
0.254648
0.326681
0.277237
0.491939
0.202617
0.922153
0.190285
0.447218
0.698905
0.430287
0.246519
0.107083
0.401234
0.471321
0.228899
0.435801
0.339656
0.954899
0.610749
0.046620
0.789525
0.583566
0.314189
0.357744
0.649298
0.913778
0.918680
0.747311
0.926540
0.453624
0.905845
0.142798
0.497554
0.347899
0.041385
0.272474
0.933240
0.920196
0.785745
0.650976
0.177022
0.424830
0.709687
0.625456
0.480835
0.201035
0.545904
0.578322
0.663896
0.638994
0.714240
0.410556
0.766090
0.338149
0.957094
0.910831
0.991307
0.978844
0.276640
0.320251
0.168603
0.311054
0.710353
0.037312
0.913632
0.209216
0.153490
0.962700
0.385401
0.007203
0.106894
0.427057
0.890882
0.879909
0.187252
0.296148
0.444035
0.188289
0.020380
0.029011
0.243410
0.801888
0.154196
0.152463
0.395695
0.811080
0.243733
0.082828
0.561566
0.908742
0.423803
0.413041
0.730493
0.037883
0.701357
0.579748
0.903234
0.711139
0.543880
0.651391
0.860508
0.338121
0.492614
0.123427
0.789488
0.689079
0.989509
0.616084
0.326784
0.216529
0.404037
0.850208
0.790260
0.869240
0.502303
0.344370
0.831857
0.209593
0.824899
0.255875
0.773873
0.863882
0.885409
0.310044
0.547583
0.441833
0.510789
0.290319
0.949176
0.102272
0.743651
0.378293
0.646132
0.478886
0.595871
0.630530
0.290758
0.701777
0.271162
0.476823
0.229958
0.420758
0.362831
0.275101
0.334984
0.274645
0.093864
0.146581
0.603534
0.039070
0.021846
0.415301
0.010825
0.132810
0.455112
0.014628
0.730724
0.542051
0.265837
0.305420
0.405379
0.301648
0.187503
0.264342
0.137173
0.818354
0.613398
0.298961
0.333204
0.383857
0.434363
0.345046
0.839231
0.909151
0.043523
0.603486
0.674519
0.173196
0.654114
0.044383
0.169934
0.019313
0.803370
0.559316
0.335235
0.385063
0.426205
0.831037
0.849305
0.516816
0.016863
0.565972
0.631511
0.629455
0.700308
0.186505
0.124138
0.911452
0.934843
0.743023
0.462639
0.900852
0.274768
0.808598
0.446757
0.496499
0.802968
0.271093
0.629998
0.375932
0.138897
0.708406
0.038688
0.318156
0.936021
0.243778
0.490472
0.542727
0.560647
0.151659
0.139246
0.741970
0.564430
0.742808
0.774969
0.627155
0.010438
0.141986
0.741712
0.402305
0.610819
0.019223
0.788734
0.391730
0.143408
0.670112
0.111397
0.323291
0.618726
0.083986
0.733456
0.122706
0.128315
0.463248
0.228551
0.701826
0.606023
0.560606
0.533274
0.531450
0.333121
0.201525
0.161661
0.960895
0.228022
0.890350
0.118336
0.874276
0.908106
0.078165
0.917369
0.337121
0.500211
0.459761
0.868297
0.799588
0.248867
0.594119
0.689467
0.415632
0.046316
0.916393
0.567779
0.656935
0.744644
0.986564
0.961111
0.834299
0.813653
0.850684
0.936406
0.414257
0.593598
0.568902
0.383357
0.064005
0.866038
0.913908
0.253607
0.671588
0.109854
0.444414
0.302202
0.429954
0.934396
0.590746
0.964170
0.936963
0.279697
0.234795
0.375196
0.660419
0.312133
0.465395
0.934819
0.271507
0.593699
0.654404
0.161061
0.781824
0.859030
0.176096
0.398936
0.706580
0.744480
0.992514
0.355941
0.654841
0.727990
0.563694
0.513765
0.301099
0.188475
0.212221
0.865422
0.278603
0.640795
0.945126
0.492336
0.728750
0.756297
0.957856
0.819976
0.670053
0.364256
0.036483
0.526827
0.214716
0.692290
0.730884
0.443112
0.732279
0.372129
0.150788
0.635925
0.748341
0.960827
0.039761
0.166701
0.609958
0.500603
0.240963
0.320723
0.265122
0.081386
0.791816
0.199183
0.716984
0.774370
0.196831
0.211126
0.394947
0.871012
0.523915
0.970273
0.971616
0.051163
0.995023
0.800484
0.925691
0.297310
0.696608
0.590629
0.736064
0.610407
0.130839
0.553497
0.208765
0.746998
0.827868
0.174469
0.715746
0.736902
0.069097
0.656443
0.865455
0.492923
0.483572
0.634488
0.305534
0.042685
0.364311
0.614393
0.100838
0.301979
0.139403
0.872410
0.746780
0.329730
0.678663
0.672753
0.527243
0.539997
0.108134
0.839885
0.168482
0.314252
0.417596
0.933791
0.185445
0.915428
0.343120
0.801439
0.333889
0.777327
0.058044
0.983120
0.684241
0.814328
0.132911
0.250207
0.772763
0.626788
0.366741
0.085074
0.126520
0.341327
0.152320
0.231930
0.330307
0.867085
0.198270
0.519884
0.344912
0.700662
0.033311
0.714122
0.610838
0.981764
0.028918
0.748908
0.502349
0.897624
0.207036
0.585773
0.473915
0.034133
0.137201
0.904925
0.704627
0.253059
0.675627
0.103944
0.930163
0.481131
0.449844
0.904904
0.819540
0.716761
0.604619
0.671704
0.030408
0.900659
0.975448
0.591157
0.185823
0.966449
0.297309
0.809622
0.751964
0.987914
0.141706
0.052809
0.152404
0.260151
0.985740
0.701219
0.839559
0.745451
0.825884
0.008718
0.708916
0.107639
0.400223
0.785149
0.729545
0.701702
0.255738
0.766516
0.029652
0.757012
0.660278
0.912881
0.472521
0.709703
0.534715
0.731075
0.747222
0.766560
0.524401
0.163693
0.860436
0.625978
0.579036
0.281986
0.377555
0.050140
0.041411
0.867382
0.024362
0.520543
0.537569
0.310424
0.884993
0.494551
0.305964
0.825692
0.807357
0.644106
0.434771
0.493464
0.758116
0.285961
0.875393
0.284294
0.413200
0.051854
0.578348
0.017225
0.678734
0.355337
0.766181
0.552354
0.682556
0.508856
0.148009
0.154780
0.666008
0.015392
0.498612
0.979435
0.619829
0.988764
0.273920
0.184976
0.046681
0.507554
0.015557
0.096364
0.502697
0.904428
0.478829
0.508397
0.251132
0.798932
0.187658
0.514831
0.486005
0.543216
0.721698
0.254272
0.954380
0.133222
0.774138
0.716963
0.880947
0.219677
0.724872
0.603580
0.143328
0.620737
0.691292
0.722460
0.156920
0.857212
0.708146
0.884804
0.546607
0.590302
0.494081
0.895245
0.204344
0.643133
0.292732
0.896783
0.012245
0.382064
0.085937
0.267427
0.314523
0.922506
0.162194
0.504050
0.298774
0.468565
0.247985
0.101397
0.697226
0.322233
0.735098
0.971083
0.376044
0.184132
0.944300
0.421654
0.444060
0.417890
0.342792
0.316507
0.497405
0.880261
0.783731
0.458794
0.468439
0.249837
0.468786
0.899398
0.426956
0.261414
0.872339
0.368136
0.328979
0.189001
0.391576
0.569025
0.632298
0.859179
0.745946
0.242531
0.192512
0.347571
0.812228
0.829799
0.590853
0.157409
0.206994
0.521894
0.711894
0.831941
0.146515
0.382754
0.042710
0.021652
0.719297
0.064974
0.210979
0.262750
0.718237
0.034639
0.647357
0.690546
0.336612
0.273316
0.760862
0.153401
0.001165
0.252863
0.627957
0.128882
0.231386
0.007974
0.829963
0.540988
0.140434
0.076653
0.681672
0.278514
0.716279
0.174585
0.962577
0.124581
0.336800
0.950691
0.851803
0.113324
0.280739
0.099664
0.744574
0.272448
0.864032
0.039344
0.554216
0.846321
0.621410
0.430349
0.417380
0.734943
0.909501
0.314948
0.112237
0.765942
0.740438
0.129467
0.803410
0.660734
0.072073
0.934535
0.920810
0.512955
0.363555
0.577141
0.052152
0.263300
0.997726
0.005045
0.706233
0.209928
0.319373
0.981998
0.890131
0.326573
0.961215
0.781969
0.380675
0.774830
0.549099
0.100132
0.819180
0.466792
0.657667
0.144662
0.079936
0.528955
0.109713
0.993265
0.943966
0.094890
0.490340
0.327376
0.417789
0.275271
0.033977
0.397320
0.017487
0.392976
0.532948
0.810532
0.153434
0.622155
0.563908
0.143417
0.389824
0.757356
0.102014
0.197342
0.765482
0.503090
0.069264
0.156140
0.039566
0.431630
0.962818
0.194884
0.121450
0.391036
0.835694
0.603245
0.207219
0.109504
0.608510
0.872843
0.214078
0.304797
0.575036
0.053879
0.456162
0.126388
0.723318
0.882688
0.393791
0.304936
0.054228
0.564800
0.537537
0.235261
0.554268
0.011156
0.617849
0.873329
0.339478
0.801866
0.263772
0.186262
0.584894
0.166756
0.035215
0.923263
0.514985
0.452344
0.931123
0.033410
0.780609
0.707908
0.807631
0.118957
0.650740
0.969340
0.571409
0.852654
0.498988
0.586621
0.389946
0.428712
0.124410
0.063320
0.958516
0.144980
0.791886
0.774902
0.377550
0.774449
0.632673
0.779053
0.829384
0.408538
0.109734
0.390030
0.445668
0.729416
0.417029
0.896423
0.727555
0.192003
0.552756
0.938412
0.608103
0.429616
0.747660
0.907650
0.837221
0.725691
0.172406
0.499036
0.279291
0.625264
0.449057
0.244482
0.254064
0.553540
0.389904
0.203319
0.390257
0.008887
0.730752
0.202484
0.307201
0.744660
0.155066
0.510540
0.212419
0.945044
0.645282
0.573950
0.599722
0.850257
0.488142
0.502950
0.815356
0.462306
0.911102
0.205508
0.514039
0.782223
0.581061
0.614164
0.575850
0.815707
0.613960
0.266629
0.673141
0.339134
0.344687
0.766923
0.225288
0.249888
0.332073
0.690162
0.326077
0.239025
0.713808
0.140878
0.518218
0.144240
0.339107
0.659437
0.008763
0.873699
0.700648
0.402558
0.855213
0.489518
0.344955
0.460850
0.168323
0.916947
0.424757
0.777003
0.367972
0.837613
0.581172
0.045210
0.890653
0.175001
0.653963
0.047052
0.411944
0.571479
0.944159
0.252445
0.100619
0.329902
0.551196
0.364604
0.892584
0.404581
0.262506
0.488530
0.644257
0.991985
0.901581
0.111073
0.338601
0.655578
0.377715
0.985069
0.834873
0.613408
0.265128
0.486586
0.842717
0.488192
0.345640
0.056495
0.424249
0.278400
0.628314
0.213361
0.632014
0.353620
0.776091
0.180651
0.267676
0.482343
0.421714
0.186638
0.752593
0.559537
0.969272
0.145681
0.653001
0.457475
0.564789
0.933952
0.714588
0.176850
0.957245
0.257653
0.052678
0.683077
0.003023
0.693551
0.773067
0.480845
0.899916
0.294576
0.395375
0.032581
0.418208
0.537474
0.971821
0.362368
0.003078
0.117855
0.956968
0.912884
0.529948
0.725130
0.385513
0.698631
0.144342
0.651869
0.307937
0.332615
0.695577
0.323748
0.987215
0.396679
0.753872
0.431191
0.872377
0.168447
0.430566
0.008632
0.563550
0.895976
0.905514
0.074637
0.291020
0.576703
0.556094
0.798858
0.272582
0.812414
0.091622
0.006355
0.855370
0.432718
0.004276
0.210271
0.313119
0.421692
0.652156
0.509491
0.555109
0.772644
0.571030
0.060774
0.522293
0.251322
0.733895
0.139960
0.394337
0.633560
0.792299
0.950723
0.965657
0.700153
0.412224
0.091067
0.862359
0.426419
0.844936
0.176303
0.657507
0.728424
0.461171
0.128951
0.107702
0.891901
0.466289
0.039638
0.604641
0.554298
0.102744
0.644471
0.811800
0.572263
0.891815
0.312389
0.374570
0.203590
0.235898
0.255659
0.045399
0.365092
0.224793
0.113951
0.787494
0.872686
0.483925
0.290227
0.816770
0.544894
0.903123
0.315201
0.582434
0.495048
0.664859
0.099901
0.407046
0.726560
0.646822
0.238685
0.430317
0.427016
0.079900
0.653758
0.957582
0.643140
0.964401
0.873676
0.244655
0.763645
0.549416
0.624383
0.443362
0.730329
0.640732
0.261025
0.725483
0.178942
0.123650
0.587401
0.151341
0.080481
0.375770
0.778011
0.888555
0.588330
0.524616
0.364299
0.916943
0.401403
0.507950
0.985253
0.951362
0.990398
0.832383
0.921686
0.044440
0.297993
0.844223
0.223879
0.432345
0.979700
0.117834
0.169929
0.024093
0.336152
0.282667
0.213774
0.275506
0.429548
0.350198
0.800388
0.622152
0.862014
0.393084
0.734961
0.475249
0.734469
0.541156
0.485562
0.693753
0.884411
0.540231
0.001295
0.264150
0.814019
0.002109
0.377484
0.064731
0.243169
0.815921
0.256527
0.269385
0.410437
0.586662
0.010534
0.998150
0.253203
0.973206
0.825683
0.938844
0.783058
0.210826
0.579117
0.515234
0.707275
0.725150
0.095862
0.575068
0.329407
0.442362
0.239515
0.974275
0.061461
0.055210
0.081829
0.961335
0.169425
0.895117
0.964532
0.365679
0.480648
0.647384
0.123894
0.770660
0.740639
0.381260
0.908455
0.579583
0.765659
0.307619
0.648508
0.694862
0.825940
0.611073
0.189470
0.247156
0.654091
0.325839
0.402896
0.668767
0.410673
0.080147
0.646249
0.661896
0.689161
0.402952
0.139750
0.880066
0.497959
0.471160
0.251092
0.664578
0.843070
0.971728
0.102463
0.158878
0.720279
0.890762
0.341568
0.910246
0.404870
0.210355
0.682070
0.057798
0.722987
0.817039
0.613333
0.129555
0.266696
0.408983
0.185680
0.019340
0.416641
0.223243
0.085697
0.469119
0.447042
0.902806
0.028215
0.450020
0.339423
0.231921
0.985007
0.769570
0.178140
0.904607
0.444747
0.083946
0.330064
0.386180
0.004972
0.767881
0.422213
0.268069
0.832019
0.278363
0.396656
0.661824
0.518239
0.528213
0.928418
0.433492
0.931307
0.828453
0.629980
0.910304
0.936739
0.987096
0.578654
0.196424
0.350603
0.581684
0.806548
0.531576
0.200055
0.704673
0.958163
0.306769
0.808047
0.589684
0.164734
0.019660
0.848971
0.085797
0.711976
0.388720
0.616059
0.658135
0.761968
0.844906
0.296602
0.482535
0.747775
0.752890
0.568144
0.358030
0.867689
0.537931
0.851216
0.948025
0.873730
0.550676
0.109745
0.303355
0.674167
0.668247
0.716190
0.055955
0.139165
0.728657
0.277020
0.061639
0.296269
0.848168
0.333154
0.752241
0.953158
0.854350
0.085255
0.904840
0.220088
0.967473
0.542710
0.582015
0.446786
0.966104
0.441938
0.183811
0.894553
0.860234
0.335921
0.231588
0.670819
0.111365
0.314813
0.314287
0.876142
0.276323
0.867330
0.216250
0.289792
0.909437
0.934353
0.780772
0.043558
0.273906
0.236629
0.779484
0.588748
0.158345
0.199537
0.730473
0.632588
0.104180
0.083161
0.126169
0.109465
0.192461
0.876209
0.398437
0.291307
0.507281
0.914528
0.110149
0.597639
0.151715
0.665724
0.958775
0.046785
0.435433
0.485653
0.741619
0.742718
0.003787
0.948335
0.833245
0.416177
0.246552
0.493778
0.312983
0.056679
0.926495
0.633191
0.641768
0.673230
0.210104
0.127940
0.369345
0.634902
0.080611
0.986368
0.794660
0.104162
0.010007
0.410037
0.031599
0.563441
0.727307
0.660790
0.810155
0.088776
0.475064
0.590073
0.985071
0.427695
0.958519
0.369975
0.080627
0.301669
0.614325
0.430001
0.889498
0.349209
0.498090
0.978875
0.183885
0.486349
0.303912
0.681152
0.065915
0.647572
0.908703
0.315031
0.614890
0.552322
0.030419
0.110368
0.657693
0.385495
0.766552
0.045706
0.786233
0.761303
0.461176
0.606150
0.773727
0.902437
0.599327
0.607354
0.109819
0.211666
0.890005
0.698063
0.325261
0.032875
0.848035
0.922735
0.600340
0.408573
0.769354
0.066266
0.996053
0.981749
0.530213
0.110219
0.053013
0.022736
0.859741
0.559230
0.056013
0.385877
0.791132
0.360680
0.643673
0.863248
0.315815
0.934313
0.076841
0.694201
0.858993
0.123924
0.096626
0.948663
0.227554
0.944282
0.476138
0.536613
0.762346
0.935184
0.731048
0.650443
0.624368
0.087194
0.469991
0.434982
0.436828
0.527061
0.632798
0.577803
0.871816
0.927531
0.792686
0.712478
0.554472
0.855989
0.765123
0.837785
0.421812
0.026828
0.895583
0.864298
0.700275
0.086882
0.163465
0.587145
0.658082
0.373251
0.931040
0.241161
0.886549
0.318774
0.734030
0.036411
0.560131
0.968477
0.363787
0.193024
0.548490
0.037153
0.721917
0.014099
0.578546
0.307157
0.227491
0.575368
0.794246
0.568517
0.047192
0.960842
0.543456
0.483019
0.557120
0.764253
0.984517
0.975942
0.883975
0.229727
0.124278
0.662527
0.784641
0.593003
0.141123
0.118853
0.246924
0.354844
0.126951
0.861245
0.817631
0.342358
0.014049
0.566400
0.653899
0.729071
0.629778
0.831018
0.411318
0.050414
0.862653
0.419122
0.243688
0.240122
0.735628
0.684533
0.404595
0.936385
0.752684
0.038009
0.701036
0.434859
0.450360
0.153588
0.052149
0.032962
0.803757
0.330695
0.480388
0.527797
0.416601
0.745984
0.894829
0.472692
0.373282
0.957158
0.826734
0.344296
0.417833
0.467677
0.064436
0.344251
0.775398
0.779058
0.330778
0.158358
0.150013
0.713171
0.146876
0.947076
0.294530
0.303464
0.233347
0.146749
0.302043
0.018953
0.209977
0.548247
0.104647
0.795330
0.013789
0.172056
0.593460
0.826105
0.178998
0.353876
0.994585
0.121539
0.770680
0.035902
0.583482
0.423133
0.957637
0.286029
0.846755
0.052279
0.239600
0.819063
0.438115
0.492259
0.319364
0.874848
0.189749
0.122352
0.200055
0.999740
0.283999
0.772481
0.307314
0.839586
0.071415
0.571744
0.005275
0.340911
0.277891
0.938754
0.997794
0.194691
0.385565
0.295546
0.282733
0.197067
0.138942
0.573419
0.890770
0.474205
0.498718
0.789484
0.678599
0.680463
0.646435
0.779453
0.101946
0.215131
0.679024
0.735652
0.969982
0.258574
0.953268
0.117705
0.979848
0.483224
0.509737
0.126902
0.370554
0.092538
0.940671
0.084187
0.996103
0.892805
0.249384
0.135548
0.736303
0.880926
0.170556
0.861354
0.109874
0.972635
0.705463
0.629652
0.474206
0.524188
0.105304
0.325641
0.777434
0.383699
0.853394
0.512600
0.698229
0.893983
0.907600
0.032830
0.163205
0.985791
0.458754
0.550208
0.862967
0.372077
0.394767
0.198695
0.764974
0.288167
0.665470
0.305414
0.350142
0.372896
0.672815
0.900956
0.709316
0.968313
0.488909
0.959236
0.404004
0.188039
0.589920
0.341461
0.179074
0.297067
0.176776
0.207950
0.217442
0.025192
0.711009
0.782892
0.784810
0.572232
0.274374
0.079566
0.243277
0.831805
0.939492
0.944721
0.922042
0.912381
0.129138
0.543658
0.512633
0.199119
0.555322
0.008657
0.853932
0.271997
0.467090
0.913219
0.819699
0.035394
0.824310
0.691335
0.924345
0.066541
0.639471
0.268696
0.703300
0.893381
0.963932
0.761360
0.583673
0.448381
0.349688
0.450793
0.809056
0.472950
0.919963
0.617114
0.228239
0.647601
0.972359
0.968418
0.909375
0.704112
0.809715
0.944150
0.586654
0.818820
0.905876
0.627685
0.403553
0.526328
0.168351
0.230776
0.336545
0.811640
0.371293
0.645071
0.528575
0.690709
0.098658
0.939284
0.910552
0.169445
0.007225
0.040582
0.158098
0.814325
0.226159
0.739041
0.501301
0.757135
0.176048
0.852499
0.489634
0.205237
0.621712
0.608469
0.211088
0.356489
0.677312
0.852744
0.662109
0.035558
0.908830
0.096883
0.878930
0.094266
0.389521
0.059156
0.714188
0.245386
0.801708
0.894412
0.786992
0.703329
0.490388
0.475757
0.496829
0.835491
0.740111
0.383098
0.753677
0.825696
0.114422
0.461357
0.609748
0.760819
0.036871
0.995831
0.283844
0.743668
0.431489
0.518382
0.931451
0.024832
0.138472
0.995442
0.876852
0.200808
0.730355
0.426782
0.907940
0.596323
0.366948
0.364490
0.356672
0.036643
0.601215
0.098435
0.564513
0.931011
0.668721
0.608023
0.667634
0.353394
0.274942
0.900308
0.670024
0.083537
0.530300
0.674629
0.150489
0.646396
0.347947
0.392121
0.769805
0.713309
0.361223
0.857171
0.545339
0.634779
0.115281
0.212306
0.426207
0.080210
0.206998
0.104187
0.642512
0.082451
0.138720
0.327529
0.661796
0.423498
0.332367
0.256741
0.192399
0.395918
0.411273
0.255592
0.042171
0.200659
0.022613
0.460478
0.245507
0.623275
0.303871
0.620572
0.266166
0.516266
0.778027
0.580699
0.840805
0.097344
0.519346
0.580354
0.801605
0.411092
0.888843
0.997648
0.968529
0.002008
0.023828
0.105858
0.043804
0.794006
0.304436
0.654541
0.566066
0.820692
0.077101
0.257091
0.187792
0.442024
0.027113
0.725235
0.075993
0.782647
0.522425
0.332819
0.470474
0.562210
0.332409
0.810429
0.287416
0.677987
0.088197
0.899563
0.937209
0.691158
0.037772
0.711634
0.211455
0.076988
0.065698
0.281808
0.064119
0.821266
0.812459
0.725160
0.169325
0.707292
0.761758
0.282724
0.881942
0.110602
0.986321
0.064364
0.772596
0.477365
0.708415
0.194379
0.442308
0.836141
0.779150
0.779034
0.766056
0.710424
0.330959
0.377127
0.868008
0.900130
0.637203
0.826557
0.999180
0.044209
0.603978
0.430269
0.938700
0.357991
0.839541
0.939342
0.998176
0.136166
0.786481
0.463387
0.825040
0.918947
0.330633
0.775943
0.467316
0.533348
0.851794
0.033861
0.308047
0.318308
0.404876
0.855860
0.699901
0.590156
0.423498
0.181154
0.091555
0.803640
0.050016
0.697472
0.518638
0.943836
0.766250
0.132031
0.988755
0.208348
0.920061
0.644161
0.064818
0.168869
0.793686
0.821260
0.555664
0.417916
0.664200
0.235700
0.447350
0.884214
0.690185
0.816038
0.407302
0.792273
0.507688
0.097634
0.585636
0.786407
0.527158
0.959869
0.541560
0.861390
0.789363
0.569982
0.209124
0.410407
0.241675
0.504342
0.530442
0.196670
0.086871
0.347465
0.168769
0.309588
0.023601
0.493250
0.160360
0.492836
0.230344
0.379568
0.403640
0.634318
0.038135
0.488790
0.881148
0.750485
0.518233
0.036413
0.280551
0.587959
0.427217
0.815337
0.369305
0.095639
0.021857
0.830117
0.488669
0.454549
0.607639
0.478661
0.199034
0.693860
0.827498
0.361683
0.654381
0.167754
0.590027
0.625038
0.205753
0.279826
0.467192
0.972000
0.099285
0.653046
0.061236
0.422957
0.613089
0.074969
0.638501
0.410853
0.834947
0.579472
0.826812
0.398811
0.427760
0.684315
0.427496
0.913477
0.660981
0.923543
0.745829
0.348932
0.745731
0.983097
0.997889
0.207882
0.542152
0.960867
0.142783
0.682135
0.389020
0.212714
0.435819
0.434014
0.663938
0.247555
0.821377
0.085888
0.834559
0.860174
0.345726
0.780125
0.146982
0.151885
0.649344
0.250003
0.881476
0.324619
0.860098
0.144614
0.718844
0.654710
0.115999
0.292983
0.068076
0.479429
0.427190
0.594336
0.349882
0.704755
0.022357
0.139173
0.651999
0.397675
0.909528
0.405978
0.029163
0.186226
0.206343
0.154055
0.595790
0.543305
0.377714
0.701202
0.400850
0.579154
0.543035
0.310879
0.515327
0.858514
0.641528
0.093341
0.636101
0.582597
0.342941
0.828439
0.196072
0.991834
0.203518
0.679403
0.974905
0.115717
0.110058
0.106691
0.586660
0.275630
0.531486
0.139211
0.112047
0.757405
0.525550
0.845414
0.686948
0.393697
0.744138
0.753475
0.780834
0.332483
0.664617
0.056497
0.545772
0.180288
0.509887
0.364424
0.026117
0.467870
0.516515
0.623241
0.257065
0.857735
0.537018
0.938389
0.445968
0.556406
0.558426
0.454406
0.150106
0.933487
0.963313
0.910996
0.127855
0.629010
0.896945
0.025682
0.870318
0.828120
0.145234
0.023679
0.700020
0.247719
0.925141
0.991924
0.877830
0.226402
0.783931
0.577936
0.178051
0.138303
0.546410
0.432708
0.433161
0.243676
0.579048
0.975643
0.477003
0.167203
0.566579
0.455803
0.148981
0.275735
0.033441
0.463951
0.603556
0.192583
0.246082
0.015321
0.677018
0.792345
0.375874
0.014637
0.028900
0.340905
0.616181
0.389153
0.058459
0.442509
0.549506
0.546254
0.903521
0.306396
0.779835
0.496283
0.181160
0.864742
0.076645
0.035629
0.592167
0.772339
0.850237
0.682524
0.532479
0.790754
0.837986
0.031974
0.208343
0.721770
0.330002
0.529823
0.036353
0.813712
0.910884
0.233692
0.480528
0.004892
0.810259
0.061738
0.414937
0.566073
0.245278
0.094658
0.502959
0.323977
0.660610
0.446624
0.034870
0.311048
0.688866
0.021695
0.266765
0.730221
0.184498
0.680442
0.493584
0.287103
0.082402
0.331405
0.823496
0.812691
0.370347
0.801458
0.721669
0.046882
0.426911
0.620680
0.520805
0.692787
0.610263
0.259118
0.444117
0.875254
0.919692
0.616320
0.804194
0.436180
0.607805
0.727228
0.491226
0.976627
0.175221
0.786403
0.233363
0.047919
0.297170
0.419822
0.579928
0.028451
0.739482
0.489968
0.500609
0.582184
0.407166
0.626115
0.034647
0.727575
0.507399
0.226143
0.756893
0.967986
0.171725
0.337123
0.651710
0.727754
0.637408
0.377273
0.407088
0.568119
0.966511
0.455574
0.270833
0.679495
0.168045
0.582844
0.782892
0.020405
0.365623
0.149511
0.802447
0.367138
0.253860
0.152098
0.666151
0.544107
0.915165
0.150257
0.203357
0.222828
0.084787
0.651328
0.801636
0.373600
0.990632
0.592303
0.529435
0.386602
0.026464
0.610093
0.452640
0.311691
0.937450
0.455863
0.471923
0.588137
0.563371
0.716458
0.657012
0.382963
0.132976
0.291629
0.662116
0.824600
0.480574
0.321868
0.683260
0.865441
0.970753
0.749322
0.156733
0.966018
0.806775
0.220691
0.939717
0.383695
0.483949
0.987952
0.803814
0.372581
0.250582
0.643295
0.486343
0.773044
0.471872
0.327009
0.211835
0.600009
0.869480
0.131246
0.102861
0.105104
0.216038
0.427508
0.913316
0.791592
0.330137
0.628316
0.012585
0.740268
0.099781
0.885114
0.174700
0.561812
0.161426
0.136398
0.769800
0.968373
0.041215
0.098114
0.495440
0.780537
0.862149
0.478835
0.977793
0.519924
0.677865
0.992671
0.981695
0.840977
0.383797
0.207395
0.419791
0.836261
0.146459
0.305719
0.867662
0.432446
0.162266
0.143001
0.129537
0.198658
0.203928
0.702415
0.812868
0.416745
0.115473
0.769766
0.615718
0.241876
0.948901
0.080172
0.313637
0.157437
0.800481
0.894528
0.610523
0.651553
0.616402
0.077350
0.520735
0.215287
0.393402
0.221786
0.540070
0.386952
0.251355
0.089720
0.880569
0.743372
0.321004
0.778634
0.028945
0.838222
0.590049
0.796928
0.784040
0.737451
0.440709
0.914867
0.097662
0.873721
0.381774
0.224586
0.396087
0.124198
0.164272
0.894279
0.102082
0.707249
0.019462
0.253192
0.330047
0.292904
0.852839
0.483305
0.076317
0.061034
0.351872
0.960090
0.259159
0.348201
0.988374
0.304313
0.385800
0.047686
0.429058
0.365747
0.325316
0.195099
0.421630
0.588529
0.159612
0.728765
0.279750
0.119731
0.584329
0.095290
0.504079
0.202605
0.835243
0.615076
0.463343
0.370959
0.893383
0.086092
0.916926
0.645575
0.692122
0.437058
0.972484
0.578788
0.061106
0.931254
0.276380
0.411701
0.261642
0.314319
0.059597
0.083247
0.397533
0.542183
0.401581
0.355595
0.048151
0.014757
0.311571
0.536294
0.342321
0.543540
0.924079
0.749391
0.001877
0.643639
0.998493
0.935300
0.424167
0.500317
0.522939
0.673390
0.862770
0.901457
0.567017
0.048689
0.784843
0.421503
0.958072
0.261369
0.999235
0.822596
0.203503
0.216912
0.876063
0.008285
0.087161
0.186027
0.281593
0.725341
0.019163
0.256036
0.768295
0.103815
0.003002
0.180954
0.744566
0.884610
0.841480
0.487076
0.063047
0.389201
0.069877
0.597770
0.164443
0.517274
0.948386
0.027491
0.607463
0.592637
0.539147
0.875321
0.962018
0.588827
0.455686
0.856993
0.259257
0.073448
0.022817
0.577485
0.567685
0.601588
0.336128
0.428004
0.286921
0.441600
0.577447
0.937760
0.124379
0.000638
0.515019
0.147550
0.873595
0.323307
0.982799
0.215830
0.252813
0.513891
0.877798
0.209472
0.277265
0.135293
0.814794
0.752842
0.272031
0.586953
0.082821
0.206183
0.901212
0.289102
0.020163
0.450217
0.201657
0.328263
0.694381
0.064984
0.416870
0.884143
0.248105
0.319704
0.064701
0.987042
0.545343
0.657396
0.271743
0.064130
0.813616
0.331840
0.224111
0.691322
0.869254
0.887715
0.403063
0.457828
0.018512
0.268464
0.031359
0.682852
0.195483
0.038623
0.728976
0.382658
0.763005
0.015266
0.508123
0.694913
0.733816
0.828268
0.864444
0.894114
0.811157
0.320477
0.618136
0.983908
0.864756
0.614147
0.068187
0.811143
0.020492
0.368318
0.298223
0.107396
0.414059
0.015498
0.316847
0.582464
0.835730
0.510609
0.298434
0.716051
0.160423
0.702582
0.920874
0.446066
0.858820
0.309289
0.912412
0.864507
0.627045
0.923480
0.691848
0.026785
0.126427
0.984227
0.683588
0.163740
0.735516
0.207115
0.483510
0.540461
0.623643
0.342223
0.888730
0.447639
0.792726
0.799652
0.790784
0.245413
0.156603
0.218190
0.119700
0.788003
0.327776
0.427174
0.754630
0.634011
0.404445
0.531946
0.785388
0.117402
0.683118
0.131000
0.474499
0.110680
0.875073
0.492524
0.054047
0.490082
0.216499
0.035702
0.159988
0.879093
0.843607
0.513953
0.597239
0.422990
0.079452
0.448283
0.269365
0.276572
0.513041
0.401486
0.061846
0.230118
0.939479
0.861454
0.418830
0.867133
0.798517
0.899860
0.660666
0.540595
0.384726
0.378101
0.181106
0.154911
0.973323
0.315550
0.652875
0.550268
0.924245
0.355507
0.849359
0.001977
0.370997
0.738273
0.447205
0.294369
0.121435
0.559746
0.349698
0.782528
0.600089
0.039697
0.189023
0.460709
0.848904
0.371669
0.099647
0.657240
0.525890
0.317424
0.015220
0.881997
0.310817
0.196369
0.299876
0.259464
0.201642
0.867311
0.415347
0.156010
0.012792
0.906768
0.321617
0.910145
0.931218
0.779909
0.829765
0.755446
0.996561
0.329802
0.828873
0.083878
0.891865
0.390844
0.299603
0.935534
0.021883
0.226168
0.667153
0.582477
0.571598
0.817325
0.966088
0.322123
0.414532
0.753434
0.430059
0.251644
0.100137
0.083074
0.259197
0.222950
0.795919
0.070146
0.601801
0.986005
0.984300
0.689089
0.464389
0.688705
0.756825
0.188241
0.126710
0.086161
0.564571
0.997350
0.025537
0.647789
0.245729
0.492669
0.769282
0.124477
0.564290
0.076978
0.018037
0.801123
0.556650
0.119701
0.535061
0.481934
0.406305
0.687053
0.646152
0.785998
0.332939
0.479838
0.763410
0.068894
0.504558
0.202364
0.362135
0.269372
0.863772
0.445706
0.727339
0.591836
0.832237
0.251400
0.009989
0.638650
0.037885
0.111079
0.236308
0.582862
0.772150
0.082556
0.855622
0.367255
0.912618
0.640673
0.297449
0.207018
0.674140
0.352320
0.446159
0.087242
0.755554
0.125868
0.494692
0.355884
0.064878
0.763969
0.675857
0.669486
0.619860
0.444907
0.166087
0.755959
0.560498
0.574510
0.469723
0.666257
0.610745
0.060066
0.171856
0.663145
0.044828
0.005782
0.199553
0.549406
0.850572
0.172738
0.840139
0.931094
0.796568
0.513363
0.885879
0.297967
0.144260
0.117198
0.876233
0.541776
0.937247
0.399292
0.734277
0.045969
0.852853
0.407951
0.147399
0.488362
0.633876
0.279997
0.402390
0.804659
0.485613
0.060205
0.551729
0.017379
0.355139
0.232328
0.288609
0.017360
0.322094
0.858233
0.972124
0.561483
0.192582
0.971671
0.900816
0.265611
0.991258
0.640050
0.463799
0.409500
0.944909
0.767095
0.190301
0.523000
0.804047
0.104605
0.300185
0.927673
0.851908
0.075568
0.142011
0.782882
0.526594
0.792428
0.600242
0.079841
0.892420
0.618866
0.945513
0.080761
0.716348
0.313870
0.859644
0.107720
0.042721
0.132852
0.992598
0.868810
0.669376
0.598719
0.923326
0.294137
0.016499
0.685016
0.661261
0.799094
0.106307
0.140061
0.693937
0.728198
0.490681
0.764854
0.968560
0.217256
0.803682
0.825296
0.624939
0.108378
0.540249
0.677655
0.864250
0.985791
0.615449
0.736447
0.739588
0.971881
0.077212
0.394131
0.732665
0.167804
0.823796
0.722282
0.397701
0.910534
0.653697
0.152571
0.187504
0.721906
0.364260
0.773553
0.038869
0.929164
0.422144
0.902810
0.650123
0.567285
0.592218
0.826474
0.446347
0.617147
0.726503
0.129560
0.457658
0.384146
0.013889
0.945590
0.121465
0.734060
0.011167
0.506899
0.580228
0.813892
0.648291
0.491863
0.074661
0.116140
0.636592
0.454000
0.019218
0.696523
0.745402
0.741161
0.020896
0.018842
0.455539
0.334030
0.911741
0.977390
0.528246
0.172129
0.405835
0.839484
0.834286
0.548185
0.910964
0.847957
0.228889
0.152972
0.123396
0.142686
0.874977
0.904531
0.458303
0.455160
0.855401
0.166216
0.155206
0.062151
0.355249
0.714892
0.631689
0.606890
0.104798
0.685251
0.799979
0.490020
0.405271
0.564306
0.973578
0.952356
0.897125
0.538687
0.981757
0.457718
0.063815
0.700144
0.903375
0.185630
0.163937
0.554222
0.977338
0.362869
0.556437
0.311239
0.730327
0.406274
0.035753
0.157389
0.745198
0.075530
0.150204
0.542419
0.312392
0.438458
0.348085
0.160636
0.624216
0.789691
0.189071
0.843653
0.423039
0.753581
0.862980
0.803923
0.836300
0.479127
0.031703
0.020654
0.709474
0.494818
0.419895
0.855339
0.824818
0.706561
0.669025
0.455450
0.338218
0.668915
0.041842
0.446042
0.493610
0.351693
0.785042
0.484562
0.196088
0.561847
0.886679
0.316896
0.378774
0.740781
0.844154
0.205597
0.698123
0.519350
0.812753
0.996270
0.547061
0.915155
0.714583
0.630620
0.973902
0.916739
0.828581
0.676233
0.385244
0.970574
0.544269
0.468608
0.080209
0.232680
0.921398
0.744586
0.213415
0.438164
0.712940
0.062630
0.065355
0.832155
0.835133
0.445855
0.533504
0.175816
0.688157
0.872289
0.633006
0.459704
0.445530
0.096011
0.835202
0.494514
0.090929
0.627716
0.714010
0.593620
0.555820
0.352242
0.273576
0.038226
0.196840
0.064423
0.686170
0.574944
0.992004
0.057848
0.791745
0.589782
0.982300
0.615950
0.280793
0.281746
0.940422
0.079576
0.942141
0.967385
0.640762
0.508939
0.295717
0.217352
0.313816
0.888463
0.189497
0.828549
0.160703
0.937367
0.876860
0.434343
0.929347
0.320519
0.231129
0.422970
0.615418
0.395736
0.957959
0.740439
0.424494
0.378167
0.177033
0.044462
0.128720
0.568887
0.211967
0.926440
0.105926
0.703049
0.935420
0.152424
0.334787
0.864205
0.175076
0.603636
0.243088
0.432728
0.024790
0.872121
0.860878
0.863466
0.316290
0.498941
0.534668
0.482175
0.194993
0.497096
0.489303
0.514770
0.506144
0.732473
0.132870
0.930748
0.926550
0.421590
0.008483
0.353042
0.266995
0.470732
0.030674
0.048778
0.484369
0.376713
0.395113
0.924566
0.756952
0.777491
0.109207
0.358127
0.485842
0.503000
0.801226
0.001083
0.089004
0.351764
0.131563
0.425164
0.603806
0.647562
0.815922
0.599460
0.654117
0.782907
0.361951
0.245634
0.151668
0.752464
0.623580
0.978154
0.820253
0.121303
0.509745
0.542535
0.058471
0.826985
0.149050
0.948359
0.518569
0.587893
0.615874
0.240329
0.513673
0.758695
0.906197
0.816015
0.431588
0.685806
0.490032
0.831029
0.441678
0.333615
0.886665
0.784724
0.311050
0.800801
0.827700
0.780942
0.715549
0.026088
0.211999
0.984783
0.065048
0.488193
0.896450
0.018141
0.026573
0.530685
0.800416
0.612482
0.418680
0.653451
0.512625
0.099510
0.426953
0.648276
0.933339
0.769415
0.171306
0.252408
0.029670
0.549479
0.420741
0.585187
0.026798
0.500771
0.710004
0.297660
0.827022
0.888008
0.680253
0.251501
0.807637
0.701398
0.752075
0.755084
0.608160
0.103395
0.310788
0.402291
0.912100
0.203763
0.192561
0.968186
0.630289
0.791544
0.378067
0.305284
0.276584
0.315509
0.525207
0.989622
0.943417
0.739670
0.791897
0.924126
0.521130
0.736345
0.936773
0.221596
0.066289
0.195244
0.608569
0.689463
0.963313
0.278214
0.528524
0.193013
0.726925
0.485997
0.304202
0.198512
0.606406
0.986276
0.390495
0.047198
0.149460
0.601270
0.282220
0.600332
0.165555
0.515860
0.303729
0.189013
0.464782
0.138270
0.883067
0.015253
0.207415
0.910256
0.237039
0.151259
0.279800
0.808880
0.381072
0.235965
0.272171
0.898852
0.613465
0.155709
0.008571
0.277408
0.150000
0.072107
0.569458
0.653229
0.921844
0.134628
0.590612
0.978883
0.272208
0.188321
0.591860
0.654767
0.057998
0.489694
0.392579
0.061908
0.818856
0.123210
0.619809
0.146932
0.366831
0.379914
0.326506
0.085898
0.273923
0.517869
0.307292
0.405818
0.514926
0.142757
0.497267
0.048911
0.684944
0.918409
0.791160
0.888897
0.583376
0.430166
0.864316
0.147319
0.662707
0.079532
0.553625
0.264291
0.088715
0.159350
0.713911
0.672667
0.500342
0.328977
0.916567
0.984389
0.016812
0.117907
0.489702
0.093373
0.991350
0.280278
0.721145
0.938600
0.565570
0.679991
0.922074
0.569865
0.715681
0.185341
0.177895
0.653571
0.332202
0.060683
0.779936
0.273318
0.202915
0.036881
0.870321
0.723195
0.018157
0.092257
0.305557
0.584635
0.635063
0.659602
0.349077
0.094654
0.758399
0.731124
0.218523
0.083188
0.877514
0.836850
0.615558
0.205293
0.395007
0.423212
0.501535
0.118396
0.812459
0.863931
0.393498
0.892719
0.016089
0.184519
0.484597
0.255798
0.534474
0.327118
0.711832
0.961908
0.099049
0.954299
0.698869
0.412638
0.991533
0.733222
0.112769
0.285122
0.893761
0.709349
0.932042
0.696799
0.536843
0.259170
0.585972
0.560560
0.715427
0.326903
0.848649
0.302959
0.650071
0.758143
0.755424
0.636399
0.182491
0.207901
0.008212
0.718244
0.601165
0.140213
0.372111
0.796667
0.875891
0.539333
0.841135
0.240095
0.572324
0.730051
0.142499
0.783912
0.640803
0.086762
0.424313
0.459176
0.599097
0.170225
0.014795
0.030315
0.232375
0.811652
0.952273
0.162155
0.841819
0.413112
0.377708
0.704580
0.057815
0.901631
0.807158
0.958369
0.090187
0.680605
0.912430
0.515072
0.609637
0.383002
0.710288
0.622834
0.807424
0.167868
0.201296
0.270738
0.662751
0.481287
0.140253
0.525557
0.966048
0.388204
0.173952
0.835252
0.126808
0.327473
0.790231
0.977255
0.591470
0.565574
0.595282
0.617872
0.912908
0.781130
0.331526
0.694833
0.201136
0.775130
0.728827
0.520112
0.430616
0.968979
0.451804
0.186410
0.359202
0.636468
0.774978
0.252669
0.805361
0.038608
0.544054
0.063595
0.903179
0.640496
0.742276
0.953509
0.024935
0.534595
0.591109
0.424955
0.987354
0.044412
0.897444
0.968750
0.793813
0.155237
0.270314
0.572103
0.944079
0.579873
0.864988
0.211667
0.180222
0.852552
0.881447
0.707730
0.970887
0.629340
0.927850
0.145916
0.208931
0.835423
0.323359
0.838706
0.618775
0.355857
0.317287
0.501655
0.681356
0.370828
0.140455
0.837742
0.379143
0.819724
0.854387
0.767846
0.403497
0.426422
0.845778
0.125677
0.874706
0.089658
0.797880
0.785830
0.610806
0.916573
0.743868
0.650238
0.759167
0.746125
0.303146
0.679228
0.275952
0.942850
0.353646
0.405314
0.088940
0.204631
0.595817
0.458860
0.826310
0.211262
0.617257
0.446776
0.822079
0.936813
0.902691
0.161293
0.029875
0.898060
0.461432
0.864613
0.958665
0.512618
0.659006
0.165274
0.350649
0.275267
0.588075
0.505742
0.734713
0.819637
0.031250
0.715828
0.483704
0.890932
0.100708
0.585231
0.218269
0.660697
0.515269
0.391085
0.666213
0.621120
0.579886
0.608554
0.123285
0.381487
0.071748
0.838730
0.563375
0.001653
0.185537
0.198367
0.737488
0.366433
0.109575
0.546058
0.217111
0.441253
0.171370
0.512447
0.475334
0.431380
0.306429
0.207312
0.050920
0.399788
0.720509
0.071377
0.309253
0.289693
0.487708
0.305969
0.123713
0.212027
0.269899
0.420895
0.873841
0.474738
0.899971
0.268014
0.032915
0.602111
0.362460
0.971405
0.667803
0.874450
0.230380
0.414614
0.404104
0.841272
0.430882
0.002801
0.084645
0.581929
0.424626
0.235766
0.608869
0.809188
0.735531
0.092370
0.725596
0.904151
0.128485
0.526169
0.171490
0.958081
0.380998
0.124350
0.980798
0.981000
0.914533
0.505695
0.853851
0.409269
0.373392
0.206838
0.675065
0.077294
0.734069
0.542978
0.883676
0.314868
0.295620
0.667036
0.067281
0.760774
0.203592
0.292820
0.894004
0.366630
0.073765
0.788949
0.610475
0.858050
0.209427
0.726025
0.686496
0.788231
0.616682
0.051378
0.313818
0.370155
0.050239
0.774002
0.790309
0.873631
0.650686
0.959414
0.762325
0.368351
0.566772
0.878647
0.547057
0.807876
0.479397
0.572290
0.573250
0.806099
0.055647
0.021797
0.735117
0.330416
0.421198
0.709214
0.674720
0.800935
0.315089
0.081387
0.182959
0.970495
0.514609
0.465677
0.722770
0.607269
0.137366
0.325637
0.686361
0.109499
0.071631
0.677226
0.755092
0.216735
0.915074
0.408847
0.985826
0.780367
0.505294
0.297387
0.083471
0.700254
0.594466
0.999511
0.264786
0.543892
0.742844
0.673343
0.357930
0.255502
0.420550
0.439026
0.157823
0.892487
0.773705
0.237872
0.945522
0.762153
0.607188
0.134755
0.829950
0.206887
0.579812
0.684550
0.931567
0.676290
0.021098
0.403614
0.100640
0.274598
0.553285
0.937520
0.582401
0.399231
0.901196
0.009840
0.649987
0.119732
0.254982
0.071250
0.963949
0.734286
0.511181
0.568695
0.638501
0.358532
0.312537
0.513302
0.733826
0.933277
0.827347
0.750155
0.564186
0.061068
0.970728
0.518980
0.954096
0.209824
0.508163
0.721581
0.467877
0.581609
0.963346
0.538262
0.929496
0.980552
0.064228
0.904723
0.471951
0.001889
0.422995
0.689933
0.562648
0.979347
0.487933
0.035672
0.792726
0.960095
0.340309
0.763204
0.015207
0.817853
0.561319
0.241016
0.670666
0.315714
0.394959
0.473104
0.080745
0.458117
0.867747
0.607971
0.520911
0.150519
0.607148
0.655055
0.172224
0.014730
0.172245
0.010733
0.475202
0.760708
0.884235
0.176593
0.487089
0.170870
0.733151
0.934953
0.002917
0.052109
0.990142
0.868127
0.615547
0.806835
0.497725
0.965703
0.004725
0.700933
0.890143
0.417299
0.819290
0.014437
0.175013
0.893165
0.572225
0.378785
0.620036
0.090301
0.025821
0.176418
0.868185
0.516609
0.833824
0.783112
0.056066
0.401129
0.545401
0.493234
0.859305
0.608680
0.241189
0.405560
0.654926
0.632693
0.671002
0.360759
0.287571
0.978631
0.132086
0.372461
0.867864
0.565828
0.065545
0.370607
0.562651
0.596634
0.697344
0.948620
0.415679
0.504030
0.408135
0.636670
0.675402
0.858368
0.125972
0.695063
0.139883
0.318533
0.133135
0.575098
0.517318
0.900189
0.246623
0.443719
0.138381
0.353990
0.743742
0.648943
0.283189
0.085118
0.020725
0.363455
0.081262
0.335723
0.313849
0.095871
0.409469
0.377636
0.627007
0.894808
0.392503
0.326766
0.946587
0.337358
0.314631
0.487558
0.460287
0.859953
0.079620
0.448753
0.024013
0.372471
0.785886
0.854913
0.618568
0.696293
0.620211
0.096678
0.037077
0.387091
0.594190
0.666836
0.057841
0.578901
0.975560
0.064810
0.424462
0.034391
0.977855
0.057735
0.610745
0.419289
0.204279
0.159906
0.534342
0.883409
0.191394
0.791688
0.352333
0.889122
0.628416
0.977043
0.194627
0.938915
0.309472
0.163708
0.930641
0.622863
0.815734
0.416548
0.746558
0.538890
0.705330
0.976177
0.417616
0.938711
0.737263
0.721379
0.620504
0.345970
0.743861
0.295628
0.521087
0.712637
0.515481
0.899350
0.020382
0.306454
0.155909
0.859418
0.447152
0.304932
0.174656
0.502254
0.666078
0.679619
0.751382
0.820857
0.803794
0.960936
0.515214
0.689137
0.469586
0.942340
0.680177
0.638451
0.475557
0.554332
0.431541
0.133997
0.059350
0.501489
0.824843
0.917197
0.649623
0.123118
0.700151
0.430938
0.909020
0.885853
0.778871
0.312400
0.237189
0.942630
0.981020
0.017124
0.479457
0.694273
0.944342
0.371379
0.941972
0.648588
0.912501
0.870209
0.118482
0.143246
0.145926
0.548818
0.940887
0.747013
0.008512
0.738687
0.272036
0.682912
0.784718
0.944719
0.118387
0.048150
0.893956
0.244587
0.736159
0.266507
0.455652
0.741209
0.975981
0.118329
0.470204
0.374718
0.710602
0.635715
0.951809
0.196211
0.098415
0.487957
0.614408
0.641890
0.796488
0.892392
0.776756
0.488039
0.141847
0.059973
0.390146
0.538607
0.477659
0.150875
0.189872
0.997629
0.460445
0.269439
0.515886
0.381311
0.089398
0.442494
0.178855
0.067338
0.342264
0.184234
0.226716
0.833293
0.060804
0.537540
0.562520
0.652627
0.573647
0.154526
0.431080
0.021184
0.973929
0.064197
0.717801
0.871437
0.304955
0.602055
0.709947
0.371887
0.491047
0.687900
0.873801
0.005967
0.286326
0.293865
0.864229
0.352115
0.000366
0.061319
0.768311
0.621738
0.062622
0.497788
0.985953
0.048688
0.530703
0.719386
0.115736
0.983491
0.755956
0.906644
0.193972
0.825205
0.619540
0.415546
0.887758
0.677617
0.627818
0.377102
0.416692
0.820212
0.703708
0.907995
0.459965
0.294760
0.018861
0.545701
0.337282
0.062369
0.986226
0.670972
0.264438
0.610766
0.062918
0.159643
0.505776
0.618518
0.181622
0.009110
0.537366
0.471886
0.845121
0.000438
0.723863
0.977484
0.160603
0.523590
0.890671
0.620101
0.136685
0.951778
0.413592
0.439342
0.010562
0.312353
0.039302
0.375417
0.830551
0.692835
0.283387
0.617134
0.306632
0.915439
0.885377
0.738725
0.437053
0.823416
0.942793
0.086488
0.452795
0.393656
0.685976
0.030001
0.119341
0.988120
0.476426
0.212708
0.131680
0.908138
0.517349
0.649714
0.156279
0.016818
0.383361
0.804290
0.240624
0.529533
0.204245
0.588312
0.352759
0.702714
0.351837
0.868613
0.325429
0.859915
0.274226
0.519780
0.083055
0.614684
0.962302
0.714110
0.251422
0.191711
0.009620
0.635607
0.671870
0.890090
0.241853
0.295715
0.793052
0.288553
0.693666
0.484446
0.217659
0.655111
0.243648
0.664269
0.981415
0.113235
0.086997
0.243147
0.212350
0.953140
0.204082
0.284382
0.063076
0.749533
0.236464
0.991720
0.220139
0.847392
0.128685
0.740138
0.453904
0.245901
0.315488
0.301872
0.143581
0.875414
0.328497
0.290000
0.115067
0.938180
0.822231
0.720746
0.262360
0.191794
0.381653
0.607361
0.944861
0.164220
0.282318
0.918039
0.866887
0.147987
0.267612
0.338628
0.567420
0.506862
0.802260
0.309371
0.203270
0.236435
0.559381
0.063346
0.241889
0.554212
0.748497
0.395183
0.989064
0.856982
0.488028
0.242016
0.992317
0.601797
0.306699
0.588473
0.552003
0.388351
0.116288
0.670026
0.444911
0.938542
0.799043
0.372729
0.334474
0.535875
0.855397
0.739512
0.582280
0.777568
0.151042
0.769611
0.192951
0.223995
0.141472
0.012519
0.565430
0.935719
0.583210
0.557452
0.781498
0.856108
0.992745
0.260599
0.872660
0.825778
0.976276
0.622243
0.632029
0.695184
0.381071
0.771284
0.747359
0.150650
0.364061
0.125399
0.746419
0.479238
0.831342
0.601119
0.710357
0.558107
0.702128
0.882959
0.212964
0.429157
0.077554
0.893336
0.096701
0.150706
0.098706
0.719093
0.527626
0.644640
0.621630
0.779701
0.089811
0.211475
0.963727
0.974158
0.729386
0.318069
0.193563
0.645465
0.338471
0.413717
0.210516
0.254381
0.384692
0.617947
0.267447
0.983307
0.018856
0.120126
0.752908
0.793057
0.499045
0.749518
0.255280
0.701430
0.942716
0.684653
0.873516
0.572213
0.246057
0.165539
0.876747
0.730563
0.456444
0.838388
0.615251
0.493753
0.975345
0.033695
0.078689
0.826141
0.797480
0.340277
0.219893
0.432359
0.278170
0.068721
0.076235
0.939578
0.614034
0.292951
0.557871
0.448789
0.309811
0.652380
0.072675
0.583352
0.563444
0.356702
0.822476
0.826968
0.342086
0.049452
0.693939
0.483687
0.087544
0.340148
0.504492
0.763645
0.592765
0.996131
0.234147
0.184472
0.042625
0.108008
0.439410
0.284872
0.703670
0.370535
0.154401
0.762002
0.492756
0.070718
0.728855
0.721727
0.395714
0.658187
0.408669
0.984495
0.093285
0.464171
0.891864
0.494537
0.376368
0.774946
0.815833
0.233670
0.847641
0.537039
0.300199
0.223591
0.022598
0.643166
0.307096
0.658504
0.364716
0.616485
0.340549
0.659403
0.783820
0.214500
0.732399
0.550206
0.542655
0.500048
0.305585
0.377781
0.673425
0.744777
0.845085
0.577108
0.066840
0.986353
0.566578
0.569238
0.148935
0.523057
0.063622
0.142148
0.959390
0.394609
0.355161
0.509244
0.782803
0.163294
0.657449
0.205005
0.434473
0.931018
0.437263
0.872078
0.751353
0.261660
0.158806
0.939922
0.512156
0.941565
0.412014
0.170200
0.099322
0.871206
0.714977
0.259696
0.851919
0.733155
0.924184
0.500104
0.301865
0.343574
0.168332
0.106893
0.734910
0.833696
0.840070
0.738028
0.628534
0.516269
0.110826
0.952788
0.067333
0.855183
0.478127
0.100539
0.433447
0.311180
0.872140
0.498126
0.789920
0.487166
0.822755
0.998744
0.991840
0.980256
0.665507
0.809817
0.114900
0.480723
0.557918
0.290350
0.265732
0.724626
0.974752
0.939648
0.124435
0.629218
0.433094
0.377938
0.675211
0.285531
0.910584
0.689237
0.811378
0.345837
0.437469
0.905693
0.031600
0.007943
0.616104
0.576192
0.033851
0.133687
0.307162
0.261374
0.508762
0.346281
0.275814
0.225308
0.131598
0.805736
0.219521
0.391741
0.501359
0.049237
0.299199
0.897920
0.227597
0.100033
0.345577
0.191412
0.976685
0.409753
0.504801
0.194742
0.600692
0.782029
0.072847
0.995130
0.601252
0.389352
0.112600
0.137856
0.046300
0.752726
0.025780
0.023142
0.581583
0.883748
0.656124
0.366195
0.374148
0.200378
0.484202
0.110334
0.079640
0.460661
0.575072
0.332908
0.256679
0.938289
0.579168
0.743269
0.834159
0.646285
0.903800
0.933529
0.332017
0.290848
0.695397
0.610974
0.187332
0.850032
0.214329
0.302635
0.216213
0.163832
0.849370
0.155411
0.174882
0.437924
0.388046
0.621570
0.093486
0.333859
0.881913
0.181830
0.582884
0.811847
0.801465
0.706765
0.791493
0.363284
0.310460
0.269722
0.723775
0.390336
0.921693
0.253481
0.409320
0.020677
0.506709
0.159875
0.050750
0.473546
0.791637
0.356622
0.730189
0.588503
0.875644
0.517733
0.284964
0.077543
0.309524
0.720903
0.001231
0.052021
0.325758
0.012062
0.845680
0.299569
0.237078
0.101612
0.122124
0.044762
0.733417
0.631615
0.019337
0.609782
0.143584
0.764659
0.635395
0.753630
0.421295
0.796606
0.145048
0.361885
0.670478
0.190078
0.007582
0.598329
0.455606
0.008578
0.171536
0.524580
0.014744
0.747233
0.273577
0.139659
0.153124
0.326376
0.693344
0.444436
0.066565
0.030135
0.751558
0.333656
0.690259
0.536744
0.174217
0.438126
0.190469
0.322325
0.912223
0.683148
0.361799
0.635933
0.146956
0.692572
0.333856
0.890672
0.792393
0.274753
0.432006
0.710526
0.411895
0.696731
0.183899
0.937282
0.714492
0.720905
0.951520
0.499267
0.367896
0.536153
0.900640
0.450717
0.150044
0.240755
0.581502
0.664777
0.802844
0.361980
0.967703
0.823494
0.256597
0.667223
0.769313
0.502138
0.529963
0.847691
0.829932
0.254220
0.347946
0.926129
0.341454
0.356702
0.355497
0.659603
0.894843
0.906843
0.853014
0.322246
0.659326
0.982704
0.910510
0.066499
0.718635
0.688642
0.723251
0.255813
0.878056
0.771607
0.261580
0.432972
0.703406
0.741968
0.091126
0.452788
0.315231
0.711995
0.619157
0.706637
0.705184
0.253634
0.826616
0.036084
0.392203
0.295340
0.418519
0.808921
0.761177
0.646454
0.050463
0.247637
0.518311
0.907575
0.857082
0.312325
0.217960
0.545441
0.931880
0.662587
0.257868
0.730784
0.558837
0.449074
0.726947
0.932579
0.602913
0.040199
0.013716
0.987932
0.797176
0.784974
0.008941
0.007368
0.718894
0.130429
0.180212
0.497551
0.920646
0.105792
0.967158
0.636822
0.121252
0.232352
0.336174
0.276034
0.628710
0.413505
0.606467
0.228831
0.615150
0.600837
0.618609
0.825576
0.776795
0.727533
0.356050
0.295484
0.575901
0.857436
0.635157
0.045800
0.685792
0.531372
0.308743
0.153193
0.128655
0.861292
0.543917
0.930413
0.613322
0.620192
0.157849
0.532187
0.496829
0.975321
0.343739
0.402739
0.477521
0.229326
0.574740
0.214478
0.599410
0.996754
0.720136
0.781424
0.588954
0.480694
0.549647
0.340848
0.823655
0.865174
0.617798
0.209558
0.177081
0.391986
0.483214
0.842731
0.174567
0.014328
0.305331
0.869938
0.703349
0.747650
0.433090
0.627702
0.051415
0.113945
0.497299
0.250425
0.455570
0.478141
0.215543
0.415398
0.271478
0.373870
0.615340
0.598054
0.041640
0.227503
0.581024
0.745589
0.600446
0.823279
0.942460
0.280961
0.188796
0.424021
0.662755
0.486531
0.110732
0.539015
0.326928
0.576981
0.135917
0.155212
0.179903
0.148873
0.491695
0.292151
0.273965
0.148101
0.969915
0.564141
0.561938
0.509111
0.849045
0.338153
0.109382
0.058322
0.186074
0.647744
0.462322
0.506650
0.421669
0.050832
0.380288
0.160075
0.481002
0.336268
0.292092
0.003178
0.304356
0.505052
0.347317
0.799865
0.764522
0.972256
0.764911
0.827697
0.612755
0.833053
0.564414
0.471131
0.557871
0.526024
0.807382
0.842123
0.158746
0.360466
0.509864
0.845870
0.084254
0.520819
0.422814
0.595240
0.351918
0.604990
0.648082
0.721260
0.971945
0.038508
0.113543
0.522613
0.289064
0.136190
0.209638
0.587350
0.984921
0.421321
0.646345
0.203719
0.629112
0.895830
0.588295
0.854952
0.379701
0.761931
0.733000
0.818693
0.549497
0.256823
0.476777
0.351960
0.396727
0.530460
0.659960
0.820796
0.099124
0.428428
0.265382
0.376331
0.857782
0.390580
0.847999
0.171064
0.673853
0.304814
0.908973
0.331473
0.423888
0.008988
0.468698
0.291308
0.264870
0.978559
0.428066
0.846419
0.220486
0.978556
0.626688
0.385607
0.819108
0.438483
0.427328
0.385705
0.074271
0.590541
0.459681
0.933690
0.552659
0.076129
0.834112
0.225332
0.797431
0.977525
0.482861
0.807474
0.401969
0.864434
0.823476
0.410832
0.999388
0.950246
0.067164
0.898296
0.970142
0.195927
0.999731
0.555632
0.640680
0.140312
0.619809
0.794842
0.419691
0.182735
0.320630
0.929195
0.802532
0.635073
0.401400
0.476364
0.814453
0.462061
0.066491
0.632498
0.564140
0.238362
0.749712
0.367644
0.154167
0.853176
0.761915
0.350819
0.390465
0.561090
0.600351
0.486786
0.325774
0.665418
0.582861
0.860021
0.081156
0.090042
0.907469
0.423348
0.604011
0.209084
0.027086
0.905706
0.331267
0.777917
0.042174
0.234664
0.637133
0.798340
0.491892
0.803247
0.681544
0.379621
0.030669
0.358932
0.190749
0.028090
0.104655
0.814773
0.378412
0.992315
0.727713
0.704543
0.172418
0.031488
0.013619
0.761652
0.235237
0.597700
0.567796
0.863207
0.779930
0.566963
0.069567
0.731158
0.316962
0.932740
0.159252
0.492515
0.939014
0.155418
0.073905
0.215623
0.581027
0.981936
0.140406
0.922522
0.249470
0.316230
0.996408
0.751638
0.691628
0.981473
0.959503
0.004712
0.490081
0.873814
0.617890
0.929401
0.817430
0.013893
0.655235
0.715822
0.517133
0.099673
0.921264
0.411361
0.091980
0.953454
0.267402
0.374759
0.299073
0.837515
0.957616
0.642066
0.116953
0.855601
0.130369
0.873418
0.063781
0.354596
0.329841
0.054350
0.673116
0.285512
0.701783
0.705319
0.500819
0.877921
0.101937
0.050795
0.098145
0.875097
0.485428
0.889017
0.850672
0.587937
0.235219
0.956015
0.117385
0.589127
0.654163
0.215333
0.563726
0.686575
0.961726
0.749930
0.745458
0.400320
0.909500
0.689782
0.999802
0.591198
0.656531
0.686897
0.013813
0.730853
0.097276
0.651482
0.180608
0.444974
0.733743
0.607156
0.698035
0.986884
0.117919
0.187793
0.599990
0.228694
0.790807
0.145708
0.045298
0.485293
0.861889
0.088425
0.146492
0.706956
0.797470
0.273397
0.436137
0.987671
0.597527
0.934483
0.248859
0.072365
0.197494
0.313184
0.636724
0.133611
0.403170
0.395889
0.085904
0.325424
0.095275
0.809994
0.048365
0.108067
0.612952
0.664253
0.850497
0.917472
0.054200
0.602962
0.765432
0.174839
0.329995
0.451110
0.342480
0.997338
0.607157
0.922874
0.185372
0.516231
0.494350
0.659661
0.437815
0.899415
0.265033
0.553024
0.132140
0.400663
0.275132
0.221495
0.799611
0.774445
0.314675
0.573706
0.333778
0.834317
0.033127
0.749240
0.408989
0.656030
0.500243
0.744809
0.733742
0.070206
0.780713
0.566448
0.290434
0.411214
0.831023
0.360106
0.431770
0.268262
0.412680
0.644024
0.711341
0.128787
0.223755
0.809897
0.872738
0.355465
0.768799
0.702952
0.282761
0.416723
0.336813
0.028903
0.819451
0.850405
0.071989
0.088646
0.244174
0.266252
0.025569
0.910665
0.234568
0.746448
0.750058
0.519969
0.626229
0.930338
0.478968
0.660079
0.187267
0.607114
0.240541
0.414032
0.853078
0.514188
0.838142
0.775871
0.427614
0.681693
0.505418
0.013471
0.262462
0.701157
0.266399
0.109567
0.760870
0.717509
0.288863
0.909019
0.446825
0.587033
0.752855
0.918142
0.668044
0.205389
0.759525
0.647583
0.797880
0.458919
0.031921
0.376675
0.409288
0.487630
0.282780
0.364713
0.799559
0.612627
0.823248
0.310203
0.854147
0.631211
0.363741
0.586390
0.789894
0.169988
0.090951
0.030187
0.695508
0.635096
0.929004
0.836181
0.712373
0.122161
0.474604
0.878561
0.850936
0.326291
0.306408
0.311017
0.199340
0.218600
0.828050
0.228532
0.758462
0.821927
0.184213
0.300551
0.124807
0.083849
0.201056
0.029274
0.006058
0.011346
0.170830
0.153577
0.069779
0.439622
0.291503
0.257258
0.056292
0.896438
0.622016
0.824441
0.330529
0.858177
0.253906
0.251169
0.186366
0.753995
0.038132
0.468810
0.838847
0.369245
0.872529
0.798686
0.505391
0.271762
0.268299
0.647566
0.011393
0.082598
0.741206
0.242202
0.380199
0.910509
0.039171
0.501456
0.095850
0.223118
0.070082
0.688678
0.837760
0.865349
0.195402
0.538683
0.406154
0.368802
0.403214
0.055844
0.974554
0.671867
0.089382
0.876134
0.007249
0.016510
0.496742
0.201460
0.577048
0.388575
0.615103
0.060765
0.439065
0.276903
0.570123
0.815718
0.028927
0.608726
0.796156
0.596170
0.173157
0.996335
0.898238
0.822842
0.495857
0.817177
0.303181
0.054390
0.708302
0.059169
0.381028
0.117370
0.341370
0.787100
0.724136
0.387417
0.312297
0.771256
0.551928
0.079901
0.932356
0.384881
0.690315
0.467830
0.635491
0.562997
0.164580
0.298231
0.733036
0.551539
0.596727
0.846625
0.274700
0.750004
0.700642
0.199222
0.132150
0.263404
0.014447
0.623469
0.856228
0.078178
0.124357
0.936133
0.943118
0.333847
0.374407
0.336062
0.287158
0.972301
0.593638
0.978073
0.612264
0.906846
0.263517
0.139596
0.170956
0.953009
0.327399
0.101752
0.828146
0.940939
0.022118
0.253863
0.768900
0.866515
0.625481
0.142806
0.736162
0.520228
0.950962
0.747275
0.126037
0.456242
0.670751
0.785101
0.888717
0.352257
0.174180
0.644238
0.447728
0.037577
0.436992
0.834877
0.643458
0.514095
0.973318
0.234167
0.705761
0.931582
0.769323
0.027678
0.219048
0.251449
0.924718
0.418380
0.417751
0.595435
0.188106
0.800881
0.912484
0.926250
0.772079
0.624452
0.705501
0.294292
0.468619
0.073399
0.311092
0.994533
0.175899
0.513247
0.722807
0.747116
0.625175
0.145567
0.557439
0.101846
0.634283
0.952947
0.803004
0.110498
0.950091
0.019040
0.020834
0.077463
0.416341
0.312379
0.644019
0.367381
0.321638
0.332431
0.702882
0.094192
0.166327
0.247215
0.361724
0.698929
0.993481
0.024550
0.376154
0.320396
0.945417
0.304564
0.609393
0.254763
0.966748
0.645730
0.219221
0.453740
0.723645
0.572032
0.907873
0.756411
0.994253
0.773644
0.704919
0.057485
0.417320
0.351923
0.509664
0.176557
0.422360
0.399092
0.953340
0.209502
0.236005
0.732718
0.591650
0.870322
0.063939
0.498269
0.381277
0.592562
0.223227
0.890216
0.527097
0.210639
0.687898
0.331670
0.040888
0.475809
0.278783
0.153371
0.293673
0.502565
0.431976
0.327763
0.191944
0.613702
0.614200
0.048954
0.577098
0.859783
0.344779
0.820135
0.158808
0.433572
0.120837
0.849597
0.351363
0.270319
0.320948
0.055296
0.411557
0.782273
0.259878
0.894486
0.975951
0.553504
0.066866
0.623950
0.641812
0.567119
0.620436
0.178292
0.937071
0.000974
0.518520
0.224502
0.976131
0.075786
0.585750
0.980759
0.655561
0.504498
0.313301
0.124457
0.755738
0.186847
0.919032
0.257567
0.682867
0.208525
0.467697
0.878852
0.864656
0.613508
0.712239
0.779202
0.026061
0.024632
0.692379
0.139523
0.732833
0.367498
0.770870
0.623021
0.227028
0.648502
0.694656
0.461627
0.817776
0.214455
0.446656
0.201502
0.867943
0.659338
0.636102
0.194676
0.009883
0.198623
0.909172
0.040093
0.249678
0.296389
0.574514
0.259051
0.246171
0.668964
0.176419
0.328154
0.664920
0.744378
0.885021
0.767476
0.179753
0.312624
0.988032
0.743981
0.885586
0.537195
0.815941
0.312818
0.872268
0.354338
0.590766
0.605905
0.525055
0.144974
0.918732
0.630948
0.267327
0.132270
0.681328
0.926726
0.588243
0.307706
0.369084
0.490478
0.480038
0.906474
0.418354
0.445437
0.286887
0.875620
0.945795
0.483824
0.542058
0.009825
0.298646
0.256708
0.944616
0.327790
0.544921
0.119648
0.183509
0.035740
0.635687
0.458445
0.571509
0.818554
0.125420
0.585191
0.794382
0.132273
0.611168
0.640945
0.053449
0.166123
0.252082
0.419870
0.966503
0.971443
0.185985
0.813068
0.102299
0.316223
0.494108
0.403487
0.138372
0.174230
0.879447
0.197280
0.160240
0.182414
0.791646
0.784308
0.172986
0.151594
0.433558
0.977869
0.344615
0.367627
0.255469
0.378881
0.443627
0.737914
0.062728
0.113920
0.387333
0.806206
0.002871
0.180336
0.941049
0.439733
0.625825
0.424303
0.444201
0.102894
0.536224
0.585677
0.808210
0.289005
0.695657
0.070579
0.796616
0.647759
0.346031
0.087860
0.347764
0.289243
0.875208
0.915323
0.306311
0.732016
0.277249
0.233669
0.273196
0.273990
0.585875
0.625621
0.671299
0.895903
0.674674
0.638610
0.697286
0.613238
0.504258
0.698746
0.302663
0.914087
0.833967
0.517736
0.273034
0.757661
0.636264
0.508331
0.986865
0.946604
0.021620
0.667687
0.878324
0.949444
0.380693
0.638817
0.380482
0.612176
0.397753
0.995287
0.983128
0.164639
0.952005
0.673857
0.732589
0.937136
0.932527
0.249606
0.832890
0.925320
0.938723
0.991208
0.112979
0.190900
0.354294
0.666520
0.479701
0.962385
0.213848
0.641737
0.832388
0.609471
0.836987
0.054098
0.200773
0.042806
0.062395
0.611536
0.253825
0.375711
0.381176
0.650010
0.220643
0.099561
0.429673
0.650988
0.653205
0.198646
0.633982
0.930023
0.700429
0.838046
0.628880
0.710343
0.006748
0.991361
0.195492
0.547690
0.225828
0.275221
0.756309
0.661844
0.561105
0.191263
0.459511
0.445979
0.750561
0.127303
0.499376
0.742873
0.254424
0.490934
0.447099
0.563726
0.859029
0.842464
0.287191
0.996727
0.405085
0.413670
0.570297
0.928673
0.392111
0.886290
0.883421
0.455153
0.457389
0.814578
0.502352
0.861270
0.185522
0.501198
0.542468
0.919423
0.359463
0.739020
0.376912
0.509263
0.388031
0.577520
0.195781
0.535711
0.455807
0.245581
0.529594
0.321070
0.848294
0.192427
0.610845
0.941816
0.642579
0.705050
0.727968
0.502596
0.877070
0.604464
0.918114
0.849513
0.882078
0.089863
0.264343
0.171621
0.050229
0.649415
0.971284
0.445501
0.322378
0.640393
0.810115
0.815896
0.934940
0.623806
0.492898
0.607199
0.638440
0.326596
0.489062
0.473358
0.279402
0.636664
0.841772
0.708851
0.719017
0.497234
0.760077
0.088996
0.174649
0.797935
0.777161
0.600399
0.605777
0.621769
0.686865
0.508830
0.497776
0.813197
0.064293
0.317669
0.114272
0.613800
0.885704
0.086176
0.204594
0.975012
0.569852
0.359790
0.183023
0.977681
0.614639
0.630174
0.763690
0.515289
0.251037
0.194751
0.296260
0.273074
0.280475
0.853921
0.577117
0.172544
0.579104
0.612588
0.424655
0.699442
0.710312
0.543091
0.704447
0.782425
0.857536
0.021305
0.056379
0.087739
0.723894
0.316342
0.041076
0.199088
0.592254
0.781131
0.367411
0.889610
0.229045
0.722168
0.973884
0.631964
0.441489
0.055525
0.236062
0.902333
0.243439
0.198593
0.673308
0.616394
0.756119
0.908687
0.470688
0.966708
0.679001
0.160195
0.902095
0.637424
0.977373
0.527274
0.280984
0.223297
0.253418
0.398674
0.339307
0.164072
0.859324
0.568833
0.055497
0.950730
0.621381
0.557587
0.751473
0.782896
0.636835
0.418467
0.794106
0.360067
0.973422
0.634044
0.247759
0.607801
0.868038
0.752484
0.036790
0.312532
0.867611
0.528560
0.040965
0.571809
0.174533
0.895667
0.361586
0.271302
0.259197
0.374753
0.313298
0.209112
0.964429
0.663239
0.658319
0.436310
0.339979
0.771057
0.368370
0.843071
0.090006
0.985261
0.057607
0.375434
0.596578
0.105247
0.625203
0.844699
0.224616
0.631789
0.184446
0.893996
0.359242
0.827890
0.036077
0.688397
0.195553
0.175807
0.912956
0.323672
0.412290
0.657052
0.648019
0.428042
0.212555
0.761208
0.565357
0.402307
0.695977
0.930613
0.669246
0.576608
0.714598
0.748063
0.055935
0.730967
0.452905
0.524832
0.076296
0.030831
0.214027
0.674315
0.647929
0.267988
0.505943
0.832012
0.617597
0.967442
0.546882
0.126319
0.340367
0.407378
0.870322
0.754353
0.160816
0.460377
0.976324
0.592090
0.831926
0.036817
0.134363
0.860858
0.008443
0.383403
0.422366
0.050537
0.877874
0.985747
0.887469
0.475083
0.122785
0.343442
0.044248
0.779404
0.925191
0.255503
0.244357
0.660895
0.817589
0.535264
0.478025
0.238871
0.867871
0.307568
0.432490
0.452998
0.485959
0.222643
0.159306
0.458405
0.281599
0.872249
0.473905
0.477353
0.546810
0.947392
0.754009
0.467417
0.389584
0.246191
0.361806
0.167767
0.480724
0.201176
0.299938
0.687282
0.190418
0.103583
0.591731
0.789874
0.833373
0.335320
0.172194
0.910846
0.210546
0.959272
0.740208
0.860439
0.812116
0.702196
0.836368
0.748285
0.865355
0.409452
0.223575
0.154368
0.778205
0.832871
0.214511
0.993264
0.213278
0.588260
0.024465
0.282220
0.805074
0.210277
0.830507
0.132357
0.149849
0.779009
0.046757
0.247872
0.165584
0.436539
0.152685
0.395493
0.126369
0.011932
0.050035
0.606412
0.865720
0.179387
0.271024
0.776671
0.345315
0.319067
0.303030
0.587827
0.753205
0.599944
0.085809
0.149138
0.905779
0.510537
0.585512
0.272550
0.840759
0.261664
0.822690
0.674140
0.523363
0.775964
0.843616
0.060218
0.374394
0.915466
0.202129
0.551460
0.824406
0.557244
0.449653
0.290164
0.993653
0.756269
0.966030
0.282918
0.630613
0.904082
0.240039
0.154576
0.825017
0.600463
0.968077
0.411478
0.218327
0.555135
0.136684
0.239227
0.471551
0.209670
0.680002
0.650287
0.223407
0.424309
0.768869
0.058311
0.906367
0.543216
0.324997
0.797055
0.019470
0.727200
0.947718
0.954111
0.599205
0.477970
0.343686
0.821676
0.803429
0.241069
0.510818
0.309199
0.497979
0.618044
0.486007
0.455739
0.936208
0.292241
0.529711
0.246961
0.707872
0.466651
0.474036
0.343211
0.733042
0.026618
0.574650
0.469203
0.457633
0.104318
0.251595
0.537539
0.415707
0.043921
0.425662
0.491221
0.691849
0.014973
0.303601
0.140412
0.296437
0.160947
0.185817
0.175054
0.132007
0.688439
0.371643
0.150663
0.254864
0.225685
0.430553
0.745205
0.768188
0.940339
0.695740
0.261022
0.586111
0.931546
0.247204
0.184123
0.121733
0.517292
0.749185
0.623789
0.133574
0.688929
0.050888
0.107331
0.127643
0.128696
0.763273
0.203373
0.856329
0.763133
0.926675
0.963486
0.926913
0.107299
0.805131
0.301211
0.731636
0.112766
0.601262
0.523577
0.479909
0.356276
0.913411
0.823382
0.066902
0.581908
0.697416
0.506447
0.850323
0.360578
0.071514
0.057386
0.664201
0.480911
0.534251
0.119631
0.248304
0.237584
0.902746
0.661905
0.335971
0.588148
0.795150
0.762370
0.036666
0.648947
0.366381
0.833256
0.839533
0.645446
0.847451
0.139854
0.728121
0.179005
0.285289
0.197817
0.267058
0.964929
0.660524
0.842335
0.451314
0.189877
0.551424
0.703918
0.606349
0.393751
0.668207
0.945505
0.927958
0.281132
0.575393
0.602681
0.859601
0.539159
0.102931
0.696478
0.295453
0.068954
0.669633
0.409775
0.748891
0.233416
0.774399
0.933333
0.137392
0.089638
0.225814
0.199387
0.873907
0.145096
0.022413
0.812271
0.289891
0.840350
0.251777
0.460867
0.147005
0.888105
0.116446
0.950500
0.311294
0.510346
0.823357
0.997106
0.912896
0.772669
0.898060
0.108693
0.546000
0.616564
0.237510
0.941572
0.659900
0.723813
0.049739
0.252067
0.574393
0.466211
0.852712
0.455268
0.401858
0.708500
0.439872
0.588809
0.448536
0.122282
0.483664
0.209346
0.149034
0.679231
0.168231
0.146560
0.202436
0.274861
0.946982
0.392769
0.160511
0.533832
0.750965
0.926046
0.063874
0.492596
0.977214
0.282828
0.040787
0.886481
0.666732
0.549717
0.773579
0.467648
0.292281
0.177490
0.431415
0.529684
0.646248
0.896522
0.369594
0.290548
0.389418
0.270683
0.121937
0.088414
0.259329
0.587895
0.974469
0.436906
0.355539
0.708603
0.453934
0.612051
0.360824
0.372168
0.615467
0.649878
0.890932
0.035000
0.908526
0.733882
0.880676
0.673523
0.425008
0.295365
0.903047
0.311853
0.085981
0.356223
0.881693
0.972510
0.010065
0.442187
0.370479
0.535195
0.895459
0.183101
0.499265
0.849448
0.345202
0.910510
0.349822
0.825993
0.305558
0.371760
0.602552
0.158357
0.524707
0.716595
0.539405
0.249170
0.481191
0.311969
0.930070
0.637154
0.106411
0.685244
0.012812
0.034891
0.680349
0.703651
0.652620
0.636502
0.242254
0.375428
0.700221
0.795769
0.262511
0.079408
0.114377
0.171555
0.215065
0.645829
0.353555
0.918703
0.504423
0.093328
0.585511
0.957907
0.392641
0.976562
0.996286
0.360759
0.244281
0.693662
0.995211
0.052386
0.435987
0.671458
0.247166
0.254675
0.519563
0.411487
0.412196
0.902051
0.906425
0.339814
0.784670
0.107882
0.229659
0.801681
0.097018
0.612665
0.628988
0.253497
0.010164
0.965436
0.573963
0.257376
0.287190
0.394511
0.827655
0.789913
0.619155
0.343323
0.287952
0.397766
0.256938
0.088664
0.424655
0.795939
0.407806
0.371716
0.421201
0.864369
0.921281
0.489557
0.411021
0.184366
0.459778
0.526348
0.766773
0.752338
0.276376
0.951322
0.785484
0.614393
0.745364
0.693053
0.427064
0.715040
0.143458
0.029207
0.916453
0.282245
0.842854
0.586159
0.016868
0.900162
0.395620
0.489474
0.265371
0.147034
0.596711
0.953382
0.715233
0.443828
0.905223
0.748258
0.674689
0.662554
0.091231
0.395852
0.860004
0.890025
0.375737
0.177773
0.284999
0.982872
0.938138
0.888869
0.847402
0.496753
0.584017
0.233646
0.840767
0.463479
0.874049
0.604311
0.105082
0.215589
0.999915
0.345167
0.009904
0.393485
0.036785
0.100123
0.751003
0.515317
0.653881
0.800182
0.058727
0.291524
0.208738
0.502861
0.429169
0.031597
0.508944
0.641325
0.361319
0.863738
0.013631
0.641039
0.630888
0.499646
0.188322
0.488637
0.331742
0.413604
0.789762
0.043178
0.398038
0.864672
0.677285
0.246555
0.116254
0.753265
0.166450
0.452374
0.034060
0.359940
0.531038
0.157751
0.694622
0.809094
0.373649
0.901488
0.358784
0.677369
0.144265
0.855419
0.878274
0.495005
0.430591
0.474584
0.815940
0.317788
0.370523
0.629716
0.859763
0.929972
0.520869
0.546033
0.894693
0.141239
0.969063
0.972712
0.999917
0.505809
0.566206
0.871845
0.058239
0.073044
0.387656
0.044347
0.810332
0.704940
0.488263
0.525825
0.210331
0.764169
0.684544
0.945094
0.015147
0.311125
0.141153
0.151494
0.854621
0.259129
0.553888
0.721357
0.757133
0.654210
0.960268
0.311839
0.637871
0.824637
0.207460
0.000319
0.075514
0.288489
0.117027
0.571404
0.006131
0.747362
0.089037
0.567717
0.785462
0.976519
0.855330
0.932364
0.490749
0.056573
0.979458
0.912651
0.677864
0.066317
0.618386
0.650772
0.338393
0.101084
0.463009
0.954126
0.071947
0.363988
0.842193
0.155324
0.350377
0.731488
0.269879
0.120176
0.844917
0.329065
0.577256
0.084559
0.703571
0.894560
0.365840
0.654272
0.136978
0.988744
0.124326
0.529550
0.737234
0.107661
0.975336
0.846891
0.955159
0.885002
0.581700
0.132734
0.026218
0.335083
0.858059
0.472331
0.959861
0.913956
0.889182
0.835674
0.609429
0.553812
0.825636
0.963035
0.532041
0.182680
0.175026
0.871613
0.441032
0.965357
0.711341
0.402316
0.600060
0.077635
0.961914
0.967457
0.607827
0.074571
0.334925
0.846344
0.105595
0.962084
0.795011
0.185487
0.166640
0.201559
0.551566
0.020660
0.549142
0.934056
0.735478
0.412611
0.808458
0.608591
0.980275
0.049495
0.609026
0.092747
0.284203
0.226438
0.955088
0.178165
0.470320
0.735623
0.776666
0.997204
0.208774
0.173905
0.340078
0.926217
0.268789
0.699324
0.929197
0.478648
0.549797
0.012436
0.048139
0.741574
0.646421
0.421659
0.019050
0.790496
0.265838
0.897053
0.083067
0.179588
0.539369
0.426244
0.941759
0.659699
0.100745
0.346121
0.814417
0.805299
0.172742
0.055037
0.067154
0.075185
0.129270
0.652926
0.283013
0.433106
0.814892
0.166425
0.195763
0.828645
0.328677
0.831803
0.853052
0.502568
0.014626
0.951615
0.049186
0.591391
0.337293
0.704668
0.501249
0.710711
0.537234
0.436186
0.792038
0.301994
0.330150
0.861014
0.965253
0.620425
0.900685
0.703662
0.444567
0.383424
0.747898
0.235301
0.082261
0.027995
0.431115
0.538224
0.233929
0.061351
0.105877
0.949854
0.522312
0.040195
0.655962
0.955655
0.800533
0.024262
0.821893
0.574409
0.243773
0.709693
0.964255
0.676663
0.757727
0.423565
0.304705
0.569845
0.779601
0.225789
0.299317
0.650523
0.848685
0.333101
0.854565
0.051630
0.811097
0.050997
0.228346
0.555072
0.436889
0.645061
0.225863
0.407519
0.850789
0.842065
0.611674
0.787041
0.948911
0.272041
0.728867
0.780774
0.580545
0.256849
0.954632
0.488989
0.185553
0.643593
0.906509
0.163891
0.179905
0.677586
0.805334
0.586599
0.786914
0.241360
0.393706
0.280108
0.749559
0.412456
0.160158
0.229501
0.037810
0.613863
0.185007
0.048308
0.092154
0.518687
0.246424
0.178237
0.598459
0.524669
0.776271
0.963386
0.030918
0.655909
0.685778
0.298813
0.561749
0.962596
0.657857
0.913786
0.081502
0.022630
0.905531
0.187266
0.834901
0.091865
0.495253
0.012060
0.220688
0.230736
0.531737
0.271135
0.233817
0.947667
0.338955
0.492114
0.103274
0.563945
0.496377
0.487539
0.729300
0.058110
0.079985
0.855691
0.604399
0.056783
0.486269
0.693063
0.105445
0.240048
0.184692
0.642036
0.011881
0.271368
0.440441
0.941946
0.126698
0.311412
0.458140
0.706584
0.633645
0.184813
0.886692
0.633119
0.051637
0.702418
0.128367
0.751298
0.119088
0.207906
0.002091
0.547997
0.370421
0.485713
0.407031
0.507123
0.671230
0.623559
0.743825
0.182983
0.805564
0.901402
0.408501
0.307987
0.947329
0.031522
0.500550
0.485918
0.168874
0.912594
0.005842
0.642155
0.434368
0.111978
0.110585
0.316454
0.405799
0.051555
0.676517
0.201570
0.721439
0.425930
0.539926
0.411243
0.279045
0.628195
0.410621
0.899735
0.748556
0.103197
0.541532
0.668761
0.012921
0.545648
0.637649
0.334783
0.120299
0.528044
0.104319
0.070755
0.905253
0.747540
0.069021
0.379532
0.509234
0.203256
0.260282
0.285101
0.536751
0.915768
0.210452
0.348140
0.841500
0.613635
0.096320
0.455047
0.773329
0.185856
0.270183
0.846143
0.706005
0.467556
0.473094
0.573936
0.611101
0.671210
0.833229
0.244921
0.552939
0.327067
0.539304
0.132316
0.049955
0.941059
0.759989
0.665033
0.111066
0.631364
0.362236
0.028119
0.710626
0.984686
0.568564
0.499440
0.308210
0.553898
0.142701
0.346441
0.728846
0.953508
0.405824
0.591688
0.899086
0.106895
0.003379
0.215858
0.481267
0.151486
0.296321
0.774884
0.550090
0.549173
0.753731
0.973369
0.018209
0.607515
0.139971
0.657008
0.047721
0.549347
0.767102
0.809802
0.887953
0.555307
0.225938
0.278775
0.431132
0.345804
0.595540
0.960452
0.890616
0.950678
0.836427
0.513877
0.972614
0.128260
0.651994
0.366992
0.044687
0.774952
0.226197
0.639005
0.137162
0.862184
0.891496
0.033374
0.201129
0.498398
0.178485
0.868576
0.707467
0.676703
0.839832
0.002407
0.352652
0.172944
0.570368
0.450702
0.972765
0.631968
0.771684
0.771124
0.789495
0.545104
0.032521
0.676443
0.189768
0.926864
0.431749
0.050891
0.619643
0.714275
0.621131
0.408398
0.119498
0.305372
0.748470
0.559426
0.462486
0.904141
0.090321
0.227972
0.032579
0.032168
0.353366
0.980778
0.088765
0.344890
0.043999
0.931994
0.754676
0.275812
0.984727
0.132187
0.352888
0.189397
0.181947
0.085188
0.154704
0.410438
0.430913
0.829745
0.876295
0.647821
0.941966
0.811809
0.930843
0.341296
0.489510
0.698797
0.452292
0.004571
0.105510
0.905921
0.405540
0.772464
0.983325
0.125091
0.637811
0.640274
0.308546
0.777928
0.811831
0.755923
0.029906
0.312528
0.117496
0.680169
0.447947
0.732456
0.642484
0.210998
0.558745
0.957343
0.149626
0.216817
0.914765
0.087658
0.128848
0.389015
0.386151
0.402949
0.187966
0.908802
0.830303
0.590634
0.767410
0.321095
0.518199
0.356742
0.392039
0.269885
0.083157
0.229336
0.836916
0.679144
0.557122
0.203968
0.217863
0.505650
0.108364
0.994493
0.499319
0.803928
0.272571
0.393699
0.582473
0.048828
0.902028
0.904887
0.042593
0.951383
0.469468
0.254937
0.548001
0.740935
0.245760
0.897822
0.085793
0.251522
0.386647
0.798860
0.808554
0.241500
0.003790
0.823385
0.380740
0.305445
0.236222
0.862072
0.185542
0.457266
0.364811
0.437633
0.769201
0.454638
0.222543
0.181070
0.970926
0.297945
0.224293
0.182084
0.304669
0.519236
0.199253
0.401135
0.302687
0.463794
0.699259
0.773816
0.443459
0.709420
0.444579
0.362736
0.954870
0.317565
0.285086
0.961984
0.710318
0.769270
0.409983
0.904173
0.495820
0.253701
0.824893
0.699225
0.924934
0.718077
0.376826
0.889159
0.294455
0.354536
0.310437
0.396069
0.959495
0.008032
0.570118
0.628857
0.333710
0.896176
0.245687
0.062436
0.983264
0.070920
0.539013
0.183944
0.158237
0.247448
0.673502
0.052020
0.315100
0.736801
0.414252
0.850943
0.043137
0.003238
0.612032
0.601701
0.223365
0.665536
0.367371
0.528956
0.440741
0.379503
0.710462
0.703461
0.608328
0.874353
0.594723
0.363660
0.785601
0.053578
0.824886
0.959736
0.023917
0.913810
0.703224
0.394463
0.070880
0.757198
0.264288
0.269954
0.512114
0.694207
0.395171
0.411890
0.854372
